-0.85446  0.00002 -0.52817 -0.85480  0.00008  0.00002
-0.84436  0.00088 -19.69979 -0.85753  0.00008  0.00088
-0.81856  0.00173 -35.34595 -0.84331  0.00009  0.00173
-0.78138  0.00257 -47.90335 -0.81645  0.00010  0.00257
-0.73624  0.00337 -57.81720 -0.78041  0.00010  0.00337
-0.68578  0.00415 -65.50432 -0.73791  0.00011  0.00415
-0.54840  0.00592 -77.30317 -0.61607  0.00012  0.00592
-0.40914  0.00747 -81.89897 -0.48735  0.00013  0.00747
-0.27734  0.00880 -82.23283 -0.36241  0.00014  0.00880
-0.15678  0.00995 -80.13775 -0.24606  0.00014  0.00995
-0.04841  0.01093 -76.73400 -0.14001  0.00015  0.01093
 0.04810  0.01179 -72.69812 -0.04446  0.00015  0.01179
 0.13369  0.01252 -68.43366  0.04111  0.00016  0.01252
 0.20951  0.01317 -64.17686  0.11758  0.00016  0.01317
 0.27668  0.01373 -60.06156  0.18587  0.00017  0.01373
 0.33629  0.01423 -56.15906  0.24691  0.00017  0.01423
 0.43656  0.01505 -49.10273  0.35060  0.00017  0.01505
 0.51668  0.01570 -43.05308  0.43446  0.00018  0.01570
 0.58143  0.01623 -37.91561  0.50299  0.00018  0.01623
 0.63435  0.01666 -33.56048  0.55958  0.00018  0.01666
 0.67807  0.01702 -29.86096  0.60678  0.00018  0.01702
 0.71455  0.01732 -26.70587  0.64654  0.00019  0.01732
 0.74526  0.01757 -24.00191  0.68032  0.00019  0.01757
 0.77135  0.01779 -21.67237  0.70926  0.00019  0.01779
 0.79368  0.01797 -19.65463  0.73424  0.00019  0.01797
 0.81293  0.01813 -17.89774  0.75596  0.00019  0.01813
 0.84422  0.01840 -15.00800  0.79167  0.00019  0.01840
 0.86832  0.01861 -12.75321  0.81961  0.00019  0.01861
 0.88727  0.01877 -10.96348  0.84190  0.00019  0.01877
 0.90243  0.01891 -9.52109  0.86000  0.00019  0.01891
 0.91474  0.01902 -8.34273  0.87490  0.00019  0.01902
 0.92486  0.01911 -7.36835  0.88734  0.00019  0.01911
 0.93329  0.01919 -6.55387  0.89783  0.00020  0.01919
 0.94039  0.01926 -5.86640  0.90677  0.00020  0.01926
 0.94641  0.01932 -5.28101  0.91447  0.00020  0.01932
 0.95156  0.01937 -4.77857  0.92114  0.00020  0.01937
 0.95601  0.01941 -4.34421  0.92697  0.00020  0.01941
 0.95988  0.01945 -3.96623  0.93210  0.00020  0.01945
 0.96325  0.01948 -3.63530  0.93664  0.00020  0.01948
 0.96622  0.01952 -3.34397  0.94067  0.00020  0.01952
 0.96884  0.01954 -3.08619  0.94429  0.00020  0.01954
 0.97421  0.01960 -2.55816  0.95182  0.00020  0.01960
 0.97830  0.01965 -2.15460  0.95772  0.00020  0.01965
 0.98149  0.01968 -1.83934  0.96246  0.00020  0.01968
 0.98403  0.01972 -1.58842  0.96633  0.00020  0.01972
 0.98607  0.01974 -1.38548  0.96954  0.00020  0.01974
 0.98775  0.01976 -1.21903  0.97223  0.00020  0.01976
 0.98915  0.01978 -1.08084  0.97452  0.00020  0.01978
 0.99031  0.01980 -0.96486  0.97649  0.00020  0.01980
 0.99130  0.01981 -0.86657  0.97820  0.00020  0.01981
 0.99215  0.01982 -0.78256  0.97969  0.00020  0.01982
 0.99351  0.01984 -0.64741  0.98217  0.00020  0.01984
 0.99454  0.01986 -0.54445  0.98414  0.00020  0.01986
 0.99535  0.01987 -0.46423  0.98574  0.00020  0.01987
 0.99599  0.01988 -0.40050  0.98706  0.00020  0.01988
 0.99650  0.01989 -0.34904  0.98817  0.00020  0.01989
 0.99693  0.01990 -0.30690  0.98911  0.00020  0.01990
 0.99728  0.01991 -0.27195  0.98992  0.00020  0.01991
 0.99757  0.01991 -0.24265  0.99062  0.00020  0.01991
 0.99782  0.01992 -0.21784  0.99123  0.00020  0.01992
 0.99803  0.01992 -0.19664  0.99177  0.00020  0.01992
 0.99837  0.01993 -0.16258  0.99268  0.00020  0.01993
 0.99863  0.01994 -0.13666  0.99341  0.00020  0.01994
 0.99883  0.01994 -0.11647  0.99401  0.00020  0.01994
 0.99899  0.01995 -0.10045  0.99452  0.00020  0.01995
 0.99912  0.01995 -0.08752  0.99495  0.00020  0.01995
 0.99923  0.01996 -0.07694  0.99531  0.00020  0.01996
 0.99932  0.01996 -0.06816  0.99563  0.00020  0.01996
 0.99939  0.01996 -0.06080  0.99591  0.00020  0.01996
 0.99945  0.01996 -0.05458  0.99615  0.00020  0.01996
 0.99951  0.01997 -0.04926  0.99637  0.00020  0.01997
 0.99955  0.01997 -0.04469  0.99657  0.00020  0.01997
 0.99959  0.01997 -0.04072  0.99674  0.00020  0.01997
 0.99963  0.01997 -0.03726  0.99690  0.00020  0.01997
 0.99966  0.01997 -0.03422  0.99704  0.00020  0.01997
 0.99968  0.01997 -0.03154  0.99717  0.00020  0.01997
 0.99974  0.01998 -0.02607  0.99746  0.00020  0.01998
 0.99978  0.01998 -0.02191  0.99769  0.00020  0.01998
 0.99981  0.01998 -0.01867  0.99788  0.00020  0.01998
 0.99984  0.01998 -0.01610  0.99805  0.00020  0.01998
 0.99986  0.01998 -0.01402  0.99819  0.00020  0.01998
 0.99988  0.01998 -0.01233  0.99831  0.00020  0.01998
 0.99989  0.01998 -0.01092  0.99841  0.00020  0.01998
 0.99990  0.01999 -0.00974  0.99851  0.00020  0.01999
 0.99991  0.01999 -0.00874  0.99859  0.00020  0.01999
 0.99992  0.01999 -0.00789  0.99867  0.00020  0.01999
 0.99993  0.01999 -0.00652  0.99879  0.00020  0.01999
 0.99995  0.01999 -0.00548  0.99890  0.00020  0.01999
 0.99995  0.01999 -0.00467  0.99899  0.00020  0.01999
 0.99996  0.01999 -0.00403  0.99906  0.00020  0.01999
 0.99996  0.01999 -0.00351  0.99913  0.00020  0.01999
