-1.00000  0.00000 -0.00000 -1.00000  0.00008  0.00000
-0.98883  0.00100 -22.29667 -0.98883  0.00009  0.00100
-0.95949  0.00197 -40.23132 -0.95949  0.00010  0.00197
-0.91721  0.00292 -54.41800 -0.91721  0.00010  0.00292
-0.86603  0.00382 -65.44985 -0.86603  0.00011  0.00382
-0.80902  0.00468 -73.86327 -0.80902  0.00011  0.00468
-0.65486  0.00662 -86.33663 -0.65486  0.00013  0.00662
-0.50000  0.00827 -90.68997 -0.50000  0.00014  0.00827
-0.35460  0.00967 -90.38277 -0.35460  0.00014  0.00967
-0.22252  0.01086 -87.50932 -0.22252  0.00015  0.01086
-0.10453  0.01187 -83.31687 -0.10453  0.00016  0.01187
 0.00000  0.01273 -78.53982  0.00000  0.00016  0.01273
 0.09227  0.01347 -73.60450  0.09227  0.00017  0.01347
 0.17365  0.01411 -68.75255  0.17365  0.00017  0.01411
 0.24549  0.01466 -64.11496  0.24549  0.00017  0.01466
 0.30902  0.01514 -59.75664  0.30902  0.00018  0.01514
 0.41542  0.01592 -51.95806  0.41542  0.00018  0.01592
 0.50000  0.01654 -45.34498  0.50000  0.00018  0.01654
 0.56806  0.01703 -39.77662  0.56806  0.00018  0.01703
 0.62349  0.01742 -35.08851  0.62349  0.00019  0.01742
 0.66913  0.01774 -31.12878  0.66913  0.00019  0.01774
 0.70711  0.01801 -27.76802  0.70711  0.00019  0.01801
 0.73901  0.01823 -24.89973  0.73901  0.00019  0.01823
 0.76604  0.01841 -22.43752  0.76604  0.00019  0.01841
 0.78914  0.01857 -20.31164  0.78914  0.00019  0.01857
 0.80902  0.01871 -18.46582  0.80902  0.00019  0.01871
 0.84125  0.01893 -15.44067  0.84125  0.00019  0.01893
 0.86603  0.01910 -13.08997  0.86603  0.00020  0.01910
 0.88546  0.01923 -11.23055  0.88546  0.00020  0.01923
 0.90097  0.01934 -9.73633  0.90097  0.00020  0.01934
 0.91355  0.01942 -8.51867  0.91355  0.00020  0.01942
 0.92388  0.01949 -7.51397  0.92388  0.00020  0.01949
 0.93247  0.01955 -6.67573  0.93247  0.00020  0.01955
 0.93969  0.01960 -5.96938  0.93969  0.00020  0.01960
 0.94582  0.01964 -5.36881  0.94582  0.00020  0.01964
 0.95106  0.01967 -4.85403  0.95106  0.00020  0.01967
 0.95557  0.01970 -4.40953  0.95557  0.00020  0.01970
 0.95949  0.01973 -4.02313  0.95949  0.00020  0.01973
 0.96292  0.01975 -3.68518  0.96292  0.00020  0.01975
 0.96593  0.01977 -3.38793  0.96593  0.00020  0.01977
 0.96858  0.01979 -3.12513  0.96858  0.00020  0.01979
 0.97401  0.01983 -2.58749  0.97401  0.00020  0.01983
 0.97815  0.01985 -2.17725  0.97815  0.00020  0.01985
 0.98137  0.01988 -1.85718  0.98137  0.00020  0.01988
 0.98393  0.01989 -1.60272  0.98393  0.00020  0.01989
 0.98600  0.01991 -1.39712  0.98600  0.00020  0.01991
 0.98769  0.01992 -1.22863  0.98769  0.00020  0.01992
 0.98909  0.01993 -1.08885  0.98909  0.00020  0.01993
 0.99027  0.01994 -0.97161  0.99027  0.00020  0.01994
 0.99126  0.01994 -0.87232  0.99126  0.00020  0.01994
 0.99211  0.01995 -0.78749  0.99211  0.00020  0.01995
 0.99348  0.01996 -0.65112  0.99348  0.00020  0.01996
 0.99452  0.01996 -0.54731  0.99452  0.00020  0.01996
 0.99533  0.01997 -0.46647  0.99533  0.00020  0.01997
 0.99597  0.01997 -0.40230  0.99597  0.00020  0.01997
 0.99649  0.01998 -0.35051  0.99649  0.00020  0.01998
 0.99692  0.01998 -0.30811  0.99692  0.00020  0.01998
 0.99727  0.01998 -0.27296  0.99727  0.00020  0.01998
 0.99756  0.01998 -0.24350  0.99756  0.00020  0.01998
 0.99781  0.01999 -0.21856  0.99781  0.00020  0.01999
 0.99803  0.01999 -0.19726  0.99803  0.00020  0.01999
 0.99837  0.01999 -0.16305  0.99837  0.00020  0.01999
 0.99863  0.01999 -0.13702  0.99863  0.00020  0.01999
 0.99883  0.01999 -0.11675  0.99883  0.00020  0.01999
 0.99899  0.01999 -0.10068  0.99899  0.00020  0.01999
 0.99912  0.01999 -0.08770  0.99912  0.00020  0.01999
 0.99923  0.01999 -0.07709  0.99923  0.00020  0.01999
 0.99932  0.02000 -0.06829  0.99932  0.00020  0.02000
 0.99939  0.02000 -0.06091  0.99939  0.00020  0.02000
 0.99945  0.02000 -0.05467  0.99945  0.00020  0.02000
 0.99951  0.02000 -0.04934  0.99951  0.00020  0.02000
 0.99955  0.02000 -0.04475  0.99955  0.00020  0.02000
 0.99959  0.02000 -0.04078  0.99959  0.00020  0.02000
 0.99963  0.02000 -0.03731  0.99963  0.00020  0.02000
 0.99966  0.02000 -0.03427  0.99966  0.00020  0.02000
 0.99968  0.02000 -0.03158  0.99968  0.00020  0.02000
 0.99974  0.02000 -0.02610  0.99974  0.00020  0.02000
 0.99978  0.02000 -0.02193  0.99978  0.00020  0.02000
 0.99981  0.02000 -0.01869  0.99981  0.00020  0.02000
 0.99984  0.02000 -0.01611  0.99984  0.00020  0.02000
 0.99986  0.02000 -0.01404  0.99986  0.00020  0.02000
 0.99988  0.02000 -0.01234  0.99988  0.00020  0.02000
 0.99989  0.02000 -0.01093  0.99989  0.00020  0.02000
 0.99990  0.02000 -0.00975  0.99990  0.00020  0.02000
 0.99991  0.02000 -0.00875  0.99991  0.00020  0.02000
 0.99992  0.02000 -0.00790  0.99992  0.00020  0.02000
 0.99993  0.02000 -0.00653  0.99993  0.00020  0.02000
 0.99995  0.02000 -0.00548  0.99995  0.00020  0.02000
 0.99995  0.02000 -0.00467  0.99995  0.00020  0.02000
 0.99996  0.02000 -0.00403  0.99996  0.00020  0.02000
 0.99996  0.02000 -0.00351  0.99996  0.00020  0.02000
