 0.95156  0.00194 -47.78574  0.92114  0.00000  0.00194
 0.95601  0.00194 -43.44215  0.92697  0.00000  0.00194
 0.95988  0.00195 -39.66225  0.93210  0.00000  0.00195
 0.96325  0.00195 -36.35300  0.93664  0.00000  0.00195
 0.96622  0.00195 -33.43970  0.94067  0.00000  0.00195
 0.96884  0.00195 -30.86185  0.94429  0.00000  0.00195
 0.97421  0.00196 -25.58158  0.95182  0.00000  0.00196
 0.97830  0.00196 -21.54605  0.95772  0.00000  0.00196
 0.98149  0.00197 -18.39344  0.96246  0.00000  0.00197
 0.98403  0.00197 -15.88423  0.96633  0.00000  0.00197
 0.98607  0.00197 -13.85479  0.96954  0.00000  0.00197
 0.98775  0.00198 -12.19034  0.97223  0.00000  0.00198
 0.98915  0.00198 -10.80842  0.97452  0.00000  0.00198
 0.99031  0.00198 -9.64860  0.97649  0.00000  0.00198
 0.99130  0.00198 -8.66575  0.97820  0.00000  0.00198
 0.99215  0.00198 -7.82565  0.97969  0.00000  0.00198
 0.99351  0.00198 -6.47412  0.98217  0.00000  0.00198
 0.99454  0.00199 -5.44454  0.98414  0.00000  0.00199
 0.99535  0.00199 -4.64226  0.98574  0.00000  0.00199
 0.99599  0.00199 -4.00500  0.98706  0.00000  0.00199
 0.99650  0.00199 -3.49045  0.98817  0.00000  0.00199
 0.99693  0.00199 -3.06901  0.98911  0.00000  0.00199
 0.99728  0.00199 -2.71952  0.98992  0.00000  0.00199
 0.99757  0.00199 -2.42648  0.99062  0.00000  0.00199
 0.99782  0.00199 -2.17836  0.99123  0.00000  0.00199
 0.99803  0.00199 -1.96644  0.99177  0.00000  0.00199
 0.99837  0.00199 -1.62580  0.99268  0.00000  0.00199
 0.99863  0.00199 -1.36657  0.99341  0.00000  0.00199
 0.99883  0.00199 -1.16473  0.99401  0.00000  0.00199
 0.99899  0.00199 -1.00451  0.99452  0.00000  0.00199
 0.99912  0.00200 -0.87521  0.99495  0.00000  0.00200
 0.99923  0.00200 -0.76935  0.99531  0.00000  0.00200
 0.99932  0.00200 -0.68160  0.99563  0.00000  0.00200
 0.99939  0.00200 -0.60805  0.99591  0.00000  0.00200
 0.99945  0.00200 -0.54579  0.99615  0.00000  0.00200
 0.99951  0.00200 -0.49262  0.99637  0.00000  0.00200
 0.99955  0.00200 -0.44687  0.99657  0.00000  0.00200
 0.99959  0.00200 -0.40720  0.99674  0.00000  0.00200
 0.99963  0.00200 -0.37259  0.99690  0.00000  0.00200
 0.99966  0.00200 -0.34221  0.99704  0.00000  0.00200
 0.99968  0.00200 -0.31540  0.99717  0.00000  0.00200
 0.99974  0.00200 -0.26069  0.99746  0.00000  0.00200
 0.99978  0.00200 -0.21908  0.99769  0.00000  0.00200
 0.99981  0.00200 -0.18669  0.99788  0.00000  0.00200
 0.99984  0.00200 -0.16098  0.99805  0.00000  0.00200
 0.99986  0.00200 -0.14024  0.99819  0.00000  0.00200
 0.99988  0.00200 -0.12327  0.99831  0.00000  0.00200
 0.99989  0.00200 -0.10920  0.99841  0.00000  0.00200
 0.99990  0.00200 -0.09741  0.99851  0.00000  0.00200
 0.99991  0.00200 -0.08743  0.99859  0.00000  0.00200
 0.99992  0.00200 -0.07891  0.99867  0.00000  0.00200
 0.99993  0.00200 -0.06521  0.99879  0.00000  0.00200
 0.99995  0.00200 -0.05480  0.99890  0.00000  0.00200
 0.99995  0.00200 -0.04670  0.99899  0.00000  0.00200
 0.99996  0.00200 -0.04027  0.99906  0.00000  0.00200
 0.99996  0.00200 -0.03508  0.99913  0.00000  0.00200
 0.99997  0.00200 -0.03083  0.99918  0.00000  0.00200
 0.99997  0.00200 -0.02731  0.99923  0.00000  0.00200
 0.99998  0.00200 -0.02436  0.99928  0.00000  0.00200
 0.99998  0.00200 -0.02186  0.99932  0.00000  0.00200
 0.99998  0.00200 -0.01973  0.99935  0.00000  0.00200
 0.99998  0.00200 -0.01631  0.99941  0.00000  0.00200
 0.99999  0.00200 -0.01370  0.99946  0.00000  0.00200
 0.99999  0.00200 -0.01168  0.99951  0.00000  0.00200
 0.99999  0.00200 -0.01007  0.99954  0.00000  0.00200
 0.99999  0.00200 -0.00877  0.99957  0.00000  0.00200
 0.99999  0.00200 -0.00771  0.99960  0.00000  0.00200
 0.99999  0.00200 -0.00683  0.99962  0.00000  0.00200
 0.99999  0.00200 -0.00609  0.99964  0.00000  0.00200
 0.99999  0.00200 -0.00547  0.99966  0.00000  0.00200
 1.00000  0.00200 -0.00493  0.99968  0.00000  0.00200
 1.00000  0.00200 -0.00448  0.99970  0.00000  0.00200
 1.00000  0.00200 -0.00408  0.99971  0.00000  0.00200
 1.00000  0.00200 -0.00373  0.99972  0.00000  0.00200
 1.00000  0.00200 -0.00343  0.99973  0.00000  0.00200
 1.00000  0.00200 -0.00316  0.99975  0.00000  0.00200
 1.00000  0.00200 -0.00261  0.99977  0.00000  0.00200
 1.00000  0.00200 -0.00219  0.99979  0.00000  0.00200
 1.00000  0.00200 -0.00187  0.99980  0.00000  0.00200
 1.00000  0.00200 -0.00161  0.99982  0.00000  0.00200
 1.00000  0.00200 -0.00140  0.99983  0.00000  0.00200
 1.00000  0.00200 -0.00123  0.99984  0.00000  0.00200
 1.00000  0.00200 -0.00109  0.99985  0.00000  0.00200
 1.00000  0.00200 -0.00097  0.99986  0.00000  0.00200
 1.00000  0.00200 -0.00087  0.99987  0.00000  0.00200
 1.00000  0.00200 -0.00079  0.99987  0.00000  0.00200
 1.00000  0.00200 -0.00065  0.99989  0.00000  0.00200
 1.00000  0.00200 -0.00055  0.99989  0.00000  0.00200
 1.00000  0.00200 -0.00047  0.99990  0.00000  0.00200
 1.00000  0.00200 -0.00040  0.99991  0.00000  0.00200
 1.00000  0.00200 -0.00035  0.99992  0.00000  0.00200
