-0.93909  0.00000 -0.09271 -0.93911  0.00008  0.00000
-0.92849  0.00094 -21.08918 -0.93413  0.00009  0.00094
-0.90074  0.00187 -38.07924 -0.91140  0.00009  0.00187
-0.86068  0.00277 -51.59969 -0.87579  0.00010  0.00277
-0.81210  0.00363 -62.17984 -0.83110  0.00011  0.00363
-0.75789  0.00445 -70.30492 -0.78026  0.00011  0.00445
-0.61083  0.00632 -82.52934 -0.63973  0.00012  0.00632
-0.46252  0.00793 -87.00805 -0.49576  0.00013  0.00793
-0.32281  0.00931 -86.98490 -0.35880  0.00014  0.00931
-0.19552  0.01048 -84.44694 -0.23315  0.00015  0.01048
-0.08152  0.01148 -80.59011 -0.12000  0.00015  0.01148
 0.01969  0.01234 -76.12599 -0.01908  0.00016  0.01234
 0.10920  0.01308 -71.47236  0.07053  0.00016  0.01308
 0.18829  0.01372 -66.86926  0.14998  0.00017  0.01372
 0.25821  0.01428 -62.44931  0.22044  0.00017  0.01428
 0.32013  0.01476 -58.28041  0.28303  0.00017  0.01476
 0.42402  0.01557 -50.78924  0.38845  0.00018  0.01557
 0.50678  0.01620 -44.40867  0.47285  0.00018  0.01620
 0.57349  0.01670 -39.01760  0.54120  0.00018  0.01670
 0.62789  0.01711 -34.46619  0.59718  0.00018  0.01711
 0.67275  0.01745 -30.61306  0.64352  0.00019  0.01745
 0.71012  0.01773 -27.33642  0.68227  0.00019  0.01773
 0.74154  0.01796 -24.53525  0.71499  0.00019  0.01796
 0.76819  0.01816 -22.12715  0.74283  0.00019  0.01816
 0.79097  0.01833 -20.04534  0.76673  0.00019  0.01833
 0.81060  0.01848 -18.23571  0.78738  0.00019  0.01848
 0.84245  0.01872 -15.26562  0.82107  0.00019  0.01872
 0.86695  0.01890 -12.95385  0.84716  0.00019  0.01890
 0.88619  0.01905 -11.12269  0.86778  0.00019  0.01905
 0.90156  0.01916 -9.64946  0.88436  0.00020  0.01916
 0.91402  0.01926 -8.44770  0.89789  0.00020  0.01926
 0.92428  0.01934 -7.45527  0.90909  0.00020  0.01934
 0.93280  0.01940 -6.62663  0.91846  0.00020  0.01940
 0.93997  0.01946 -5.92790  0.92639  0.00020  0.01946
 0.94605  0.01951 -5.33346  0.93315  0.00020  0.01951
 0.95126  0.01955 -4.82366  0.93898  0.00020  0.01955
 0.95575  0.01959 -4.38325  0.94403  0.00020  0.01959
 0.95965  0.01962 -4.00024  0.94844  0.00020  0.01962
 0.96305  0.01964 -3.66512  0.95232  0.00020  0.01964
 0.96604  0.01967 -3.37026  0.95575  0.00020  0.01967
 0.96869  0.01969 -3.10947  0.95879  0.00020  0.01969
 0.97409  0.01974 -2.57571  0.96507  0.00020  0.01974
 0.97821  0.01977 -2.16815  0.96993  0.00020  0.01977
 0.98142  0.01980 -1.85002  0.97376  0.00020  0.01980
 0.98397  0.01982 -1.59698  0.97685  0.00020  0.01982
 0.98603  0.01984 -1.39245  0.97938  0.00020  0.01984
 0.98771  0.01986 -1.22478  0.98148  0.00020  0.01986
 0.98911  0.01987 -1.08564  0.98324  0.00020  0.01987
 0.99029  0.01988 -0.96890  0.98473  0.00020  0.01988
 0.99128  0.01989 -0.87002  0.98602  0.00020  0.01989
 0.99213  0.01990 -0.78552  0.98713  0.00020  0.01990
 0.99349  0.01991 -0.64963  0.98894  0.00020  0.01991
 0.99453  0.01992 -0.54617  0.99036  0.00020  0.01992
 0.99534  0.01993 -0.46557  0.99148  0.00020  0.01993
 0.99598  0.01994 -0.40158  0.99240  0.00020  0.01994
 0.99650  0.01994 -0.34992  0.99316  0.00020  0.01994
 0.99692  0.01995 -0.30762  0.99379  0.00020  0.01995
 0.99727  0.01995 -0.27256  0.99432  0.00020  0.01995
 0.99757  0.01996 -0.24316  0.99478  0.00020  0.01996
 0.99782  0.01996 -0.21827  0.99518  0.00020  0.01996
 0.99803  0.01996 -0.19701  0.99552  0.00020  0.01996
 0.99837  0.01997 -0.16286  0.99609  0.00020  0.01997
 0.99863  0.01997 -0.13687  0.99654  0.00020  0.01997
 0.99883  0.01997 -0.11664  0.99690  0.00020  0.01997
 0.99899  0.01998 -0.10059  0.99720  0.00020  0.01998
 0.99912  0.01998 -0.08763  0.99745  0.00020  0.01998
 0.99923  0.01998 -0.07703  0.99766  0.00020  0.01998
 0.99932  0.01998 -0.06824  0.99784  0.00020  0.01998
 0.99939  0.01998 -0.06087  0.99800  0.00020  0.01998
 0.99945  0.01998 -0.05463  0.99813  0.00020  0.01998
 0.99951  0.01998 -0.04931  0.99825  0.00020  0.01998
 0.99955  0.01999 -0.04473  0.99836  0.00020  0.01999
 0.99959  0.01999 -0.04075  0.99845  0.00020  0.01999
 0.99963  0.01999 -0.03729  0.99854  0.00020  0.01999
 0.99966  0.01999 -0.03425  0.99861  0.00020  0.01999
 0.99968  0.01999 -0.03156  0.99868  0.00020  0.01999
 0.99974  0.01999 -0.02609  0.99883  0.00020  0.01999
 0.99978  0.01999 -0.02192  0.99894  0.00020  0.01999
 0.99981  0.01999 -0.01868  0.99904  0.00020  0.01999
 0.99984  0.01999 -0.01611  0.99912  0.00020  0.01999
 0.99986  0.01999 -0.01403  0.99919  0.00020  0.01999
 0.99988  0.01999 -0.01233  0.99925  0.00020  0.01999
 0.99989  0.01999 -0.01092  0.99930  0.00020  0.01999
 0.99990  0.01999 -0.00974  0.99934  0.00020  0.01999
 0.99991  0.01999 -0.00875  0.99938  0.00020  0.01999
 0.99992  0.01999 -0.00789  0.99942  0.00020  0.01999
 0.99993  0.01999 -0.00652  0.99948  0.00020  0.01999
 0.99995  0.02000 -0.00548  0.99953  0.00020  0.02000
 0.99995  0.02000 -0.00467  0.99957  0.00020  0.02000
 0.99996  0.02000 -0.00403  0.99960  0.00020  0.02000
 0.99996  0.02000 -0.00351  0.99963  0.00020  0.02000
