 0.17219  0.00474 -117.03827 -0.12584  0.00003  0.00474
 0.22823  0.00503 -112.57832 -0.07278  0.00003  0.00503
 0.27953  0.00529 -107.92639 -0.02278  0.00004  0.00529
 0.32647  0.00553 -103.22888  0.02417  0.00004  0.00553
 0.36942  0.00575 -98.58426  0.06817  0.00004  0.00575
 0.40874  0.00596 -94.05722  0.10935  0.00004  0.00596
 0.49334  0.00640 -83.48363  0.20103  0.00004  0.00640
 0.56188  0.00676 -74.13605  0.27870  0.00004  0.00676
 0.61793  0.00706 -66.00588  0.34480  0.00004  0.00706
 0.66421  0.00732 -58.97883  0.40138  0.00004  0.00732
 0.70278  0.00754 -52.91235  0.45014  0.00004  0.00754
 0.73522  0.00773 -47.66707  0.49245  0.00004  0.00773
 0.76272  0.00789 -43.11817  0.52939  0.00004  0.00789
 0.78621  0.00803 -39.15833  0.56185  0.00004  0.00803
 0.80644  0.00816 -35.69701  0.59055  0.00004  0.00816
 0.82396  0.00827 -32.65857  0.61605  0.00004  0.00827
 0.85262  0.00846 -27.60881  0.65928  0.00005  0.00846
 0.87487  0.00862 -23.62097  0.69442  0.00005  0.00862
 0.89247  0.00874 -20.42382  0.72344  0.00005  0.00874
 0.90662  0.00885 -17.82518  0.74775  0.00005  0.00885
 0.91816  0.00894 -15.68673  0.76837  0.00005  0.00894
 0.92770  0.00902 -13.90725  0.78605  0.00005  0.00902
 0.93567  0.00909 -12.41152  0.80135  0.00005  0.00909
 0.94240  0.00914 -11.14282  0.81471  0.00005  0.00914
 0.94813  0.00920 -10.05780  0.82647  0.00005  0.00920
 0.95304  0.00924 -9.12289  0.83688  0.00005  0.00924
 0.96099  0.00932 -7.60370  0.85450  0.00005  0.00932
 0.96708  0.00939 -6.43316  0.86879  0.00005  0.00939
 0.97186  0.00944 -5.51261  0.88061  0.00005  0.00944
 0.97566  0.00948 -4.77582  0.89053  0.00005  0.00948
 0.97874  0.00952 -4.17708  0.89897  0.00005  0.00952
 0.98128  0.00956 -3.68403  0.90623  0.00005  0.00956
 0.98338  0.00958 -3.27322  0.91254  0.00005  0.00958
 0.98516  0.00961 -2.92736  0.91806  0.00005  0.00961
 0.98666  0.00963 -2.63348  0.92295  0.00005  0.00963
 0.98794  0.00965 -2.38166  0.92729  0.00005  0.00965
 0.98905  0.00967 -2.16427  0.93118  0.00005  0.00967
 0.99001  0.00969 -1.97530  0.93468  0.00005  0.00969
 0.99085  0.00970 -1.81002  0.93785  0.00005  0.00970
 0.99159  0.00971 -1.66462  0.94073  0.00005  0.00971
 0.99225  0.00973 -1.53606  0.94335  0.00005  0.00973
 0.99358  0.00975 -1.27293  0.94901  0.00005  0.00975
 0.99460  0.00978 -1.07201  0.95365  0.00005  0.00978
 0.99539  0.00979 -0.91514  0.95752  0.00005  0.00979
 0.99602  0.00981 -0.79033  0.96080  0.00005  0.00981
 0.99653  0.00982 -0.68940  0.96362  0.00005  0.00982
 0.99695  0.00983 -0.60664  0.96605  0.00005  0.00983
 0.99730  0.00984 -0.53792  0.96819  0.00005  0.00984
 0.99759  0.00985 -0.48026  0.97007  0.00005  0.00985
 0.99783  0.00986 -0.43138  0.97174  0.00005  0.00986
 0.99804  0.00987 -0.38961  0.97324  0.00005  0.00987
 0.99838  0.00988 -0.32239  0.97580  0.00005  0.00988
 0.99864  0.00989 -0.27118  0.97792  0.00005  0.00989
 0.99884  0.00990 -0.23127  0.97970  0.00005  0.00990
 0.99900  0.00991 -0.19956  0.98121  0.00005  0.00991
 0.99913  0.00991 -0.17395  0.98252  0.00005  0.00991
 0.99923  0.00992 -0.15297  0.98365  0.00005  0.00992
 0.99932  0.00992 -0.13557  0.98465  0.00005  0.00992
 0.99939  0.00993 -0.12098  0.98553  0.00005  0.00993
 0.99946  0.00993 -0.10862  0.98632  0.00005  0.00993
 0.99951  0.00994 -0.09806  0.98702  0.00005  0.00994
 0.99959  0.00994 -0.08109  0.98824  0.00005  0.00994
 0.99966  0.00995 -0.06817  0.98924  0.00005  0.00995
 0.99971  0.00995 -0.05811  0.99009  0.00005  0.00995
 0.99975  0.00995 -0.05013  0.99081  0.00005  0.00995
 0.99978  0.00996 -0.04368  0.99144  0.00005  0.00996
 0.99981  0.00996 -0.03840  0.99199  0.00005  0.00996
 0.99983  0.00996 -0.03402  0.99247  0.00005  0.00996
 0.99985  0.00996 -0.03035  0.99289  0.00005  0.00996
 0.99986  0.00997 -0.02725  0.99327  0.00005  0.00997
 0.99988  0.00997 -0.02460  0.99361  0.00005  0.00997
 0.99989  0.00997 -0.02231  0.99392  0.00005  0.00997
 0.99990  0.00997 -0.02033  0.99420  0.00005  0.00997
 0.99991  0.00997 -0.01861  0.99446  0.00005  0.00997
 0.99991  0.00997 -0.01709  0.99469  0.00005  0.00997
 0.99992  0.00997 -0.01575  0.99491  0.00005  0.00997
 0.99993  0.00998 -0.01302  0.99538  0.00005  0.00998
 0.99995  0.00998 -0.01094  0.99577  0.00005  0.00998
 0.99995  0.00998 -0.00933  0.99609  0.00005  0.00998
 0.99996  0.00998 -0.00804  0.99638  0.00005  0.00998
 0.99996  0.00998 -0.00701  0.99662  0.00005  0.00998
 0.99997  0.00998 -0.00616  0.99683  0.00005  0.00998
 0.99997  0.00999 -0.00546  0.99702  0.00005  0.00999
 0.99998  0.00999 -0.00487  0.99719  0.00005  0.00999
 0.99998  0.00999 -0.00437  0.99734  0.00005  0.00999
 0.99998  0.00999 -0.00394  0.99747  0.00005  0.00999
 0.99998  0.00999 -0.00326  0.99770  0.00005  0.00999
 0.99999  0.00999 -0.00274  0.99789  0.00005  0.00999
 0.99999  0.00999 -0.00233  0.99806  0.00005  0.00999
 0.99999  0.00999 -0.00201  0.99820  0.00005  0.00999
 0.99999  0.00999 -0.00175  0.99832  0.00005  0.00999
