 0.73522  0.00386 -95.33413  0.49245  0.00001  0.00386
 0.75756  0.00393 -87.95528  0.52239  0.00001  0.00393
 0.77724  0.00399 -81.35545  0.54936  0.00001  0.00399
 0.79466  0.00404 -75.43705  0.57375  0.00001  0.00404
 0.81014  0.00409 -70.11536  0.59589  0.00001  0.00409
 0.82396  0.00414 -65.31713  0.61605  0.00001  0.00414
 0.85262  0.00423 -55.21763  0.65928  0.00001  0.00423
 0.87487  0.00431 -47.24194  0.69442  0.00001  0.00431
 0.89247  0.00437 -40.84764  0.72344  0.00001  0.00437
 0.90662  0.00442 -35.65037  0.74775  0.00001  0.00442
 0.91816  0.00447 -31.37346  0.76837  0.00001  0.00447
 0.92770  0.00451 -27.81450  0.78605  0.00001  0.00451
 0.93567  0.00454 -24.82304  0.80135  0.00001  0.00454
 0.94240  0.00457 -22.28564  0.81471  0.00001  0.00457
 0.94813  0.00460 -20.11560  0.82647  0.00001  0.00460
 0.95304  0.00462 -18.24578  0.83688  0.00001  0.00462
 0.96099  0.00466 -15.20739  0.85450  0.00001  0.00466
 0.96708  0.00469 -12.86633  0.86879  0.00001  0.00469
 0.97186  0.00472 -11.02521  0.88061  0.00001  0.00472
 0.97566  0.00474 -9.55164  0.89053  0.00001  0.00474
 0.97874  0.00476 -8.35417  0.89897  0.00001  0.00476
 0.98128  0.00478 -7.36805  0.90623  0.00001  0.00478
 0.98338  0.00479 -6.54643  0.91254  0.00001  0.00479
 0.98516  0.00480 -5.85472  0.91806  0.00001  0.00480
 0.98666  0.00482 -5.26695  0.92295  0.00001  0.00482
 0.98794  0.00483 -4.76332  0.92729  0.00001  0.00483
 0.99001  0.00484 -3.95060  0.93468  0.00001  0.00484
 0.99159  0.00486 -3.32925  0.94073  0.00001  0.00486
 0.99282  0.00487 -2.84363  0.94576  0.00001  0.00487
 0.99381  0.00488 -2.45693  0.95001  0.00001  0.00488
 0.99460  0.00489 -2.14402  0.95365  0.00001  0.00489
 0.99525  0.00490 -1.88726  0.95680  0.00001  0.00490
 0.99579  0.00490 -1.67399  0.95955  0.00001  0.00490
 0.99624  0.00491 -1.49491  0.96198  0.00001  0.00491
 0.99662  0.00491 -1.34309  0.96413  0.00001  0.00491
 0.99695  0.00492 -1.21327  0.96605  0.00001  0.00492
 0.99723  0.00492 -1.10140  0.96778  0.00001  0.00492
 0.99748  0.00493 -1.00431  0.96934  0.00001  0.00493
 0.99769  0.00493 -0.91951  0.97076  0.00001  0.00493
 0.99788  0.00493 -0.84502  0.97206  0.00001  0.00493
 0.99804  0.00493 -0.77922  0.97324  0.00001  0.00493
 0.99838  0.00494 -0.64479  0.97580  0.00001  0.00494
 0.99864  0.00495 -0.54236  0.97792  0.00001  0.00495
 0.99884  0.00495 -0.46253  0.97970  0.00001  0.00495
 0.99900  0.00495 -0.39911  0.98121  0.00001  0.00495
 0.99913  0.00496 -0.34789  0.98252  0.00001  0.00496
 0.99923  0.00496 -0.30594  0.98365  0.00001  0.00496
 0.99932  0.00496 -0.27114  0.98465  0.00001  0.00496
 0.99939  0.00496 -0.24195  0.98553  0.00001  0.00496
 0.99946  0.00497 -0.21724  0.98632  0.00001  0.00497
 0.99951  0.00497 -0.19612  0.98702  0.00001  0.00497
 0.99959  0.00497 -0.16218  0.98824  0.00001  0.00497
 0.99966  0.00497 -0.13635  0.98924  0.00001  0.00497
 0.99971  0.00498 -0.11623  0.99009  0.00001  0.00498
 0.99975  0.00498 -0.10025  0.99081  0.00001  0.00498
 0.99978  0.00498 -0.08736  0.99144  0.00001  0.00498
 0.99981  0.00498 -0.07680  0.99199  0.00001  0.00498
 0.99983  0.00498 -0.06805  0.99247  0.00001  0.00498
 0.99985  0.00498 -0.06071  0.99289  0.00001  0.00498
 0.99986  0.00498 -0.05450  0.99327  0.00001  0.00498
 0.99988  0.00498 -0.04919  0.99361  0.00001  0.00498
 0.99990  0.00499 -0.04067  0.99420  0.00001  0.00499
 0.99991  0.00499 -0.03418  0.99469  0.00001  0.00499
 0.99993  0.00499 -0.02913  0.99511  0.00001  0.00499
 0.99994  0.00499 -0.02512  0.99546  0.00001  0.00499
 0.99995  0.00499 -0.02189  0.99577  0.00001  0.00499
 0.99995  0.00499 -0.01924  0.99603  0.00001  0.00499
 0.99996  0.00499 -0.01704  0.99627  0.00001  0.00499
 0.99996  0.00499 -0.01520  0.99648  0.00001  0.00499
 0.99997  0.00499 -0.01365  0.99666  0.00001  0.00499
 0.99997  0.00499 -0.01232  0.99683  0.00001  0.00499
 0.99997  0.00499 -0.01117  0.99698  0.00001  0.00499
 0.99997  0.00499 -0.01018  0.99712  0.00001  0.00499
 0.99998  0.00499 -0.00932  0.99725  0.00001  0.00499
 0.99998  0.00499 -0.00856  0.99736  0.00001  0.00499
 0.99998  0.00499 -0.00789  0.99747  0.00001  0.00499
 0.99998  0.00499 -0.00652  0.99770  0.00001  0.00499
 0.99999  0.00499 -0.00548  0.99789  0.00001  0.00499
 0.99999  0.00500 -0.00467  0.99806  0.00001  0.00500
 0.99999  0.00500 -0.00402  0.99820  0.00001  0.00500
 0.99999  0.00500 -0.00351  0.99832  0.00001  0.00500
 0.99999  0.00500 -0.00308  0.99842  0.00001  0.00500
 0.99999  0.00500 -0.00273  0.99852  0.00001  0.00500
 0.99999  0.00500 -0.00244  0.99860  0.00001  0.00500
 0.99999  0.00500 -0.00219  0.99867  0.00001  0.00500
 1.00000  0.00500 -0.00197  0.99874  0.00001  0.00500
 1.00000  0.00500 -0.00163  0.99885  0.00001  0.00500
 1.00000  0.00500 -0.00137  0.99895  0.00001  0.00500
 1.00000  0.00500 -0.00117  0.99903  0.00001  0.00500
 1.00000  0.00500 -0.00101  0.99910  0.00001  0.00500
 1.00000  0.00500 -0.00088  0.99916  0.00001  0.00500
