 0.95126  0.00195 -48.23656  0.93898  0.00000  0.00195
 0.95575  0.00196 -43.83246  0.94403  0.00000  0.00196
 0.95965  0.00196 -40.00239  0.94844  0.00000  0.00196
 0.96305  0.00196 -36.65119  0.95232  0.00000  0.00196
 0.96604  0.00197 -33.70256  0.95575  0.00000  0.00197
 0.96869  0.00197 -31.09473  0.95879  0.00000  0.00197
 0.97409  0.00197 -25.75705  0.96507  0.00000  0.00197
 0.97821  0.00198 -21.68152  0.96993  0.00000  0.00198
 0.98142  0.00198 -18.50019  0.97376  0.00000  0.00198
 0.98397  0.00198 -15.96982  0.97685  0.00000  0.00198
 0.98603  0.00198 -13.92447  0.97938  0.00000  0.00198
 0.98771  0.00199 -12.24782  0.98148  0.00000  0.00199
 0.98911  0.00199 -10.85638  0.98324  0.00000  0.00199
 0.99029  0.00199 -9.68903  0.98473  0.00000  0.00199
 0.99128  0.00199 -8.70015  0.98602  0.00000  0.00199
 0.99213  0.00199 -7.85516  0.98713  0.00000  0.00199
 0.99349  0.00199 -6.49632  0.98894  0.00000  0.00199
 0.99453  0.00199 -5.46165  0.99036  0.00000  0.00199
 0.99534  0.00199 -4.65572  0.99148  0.00000  0.00199
 0.99598  0.00199 -4.01579  0.99240  0.00000  0.00199
 0.99650  0.00199 -3.49922  0.99316  0.00000  0.00199
 0.99692  0.00199 -3.07625  0.99379  0.00000  0.00199
 0.99727  0.00200 -2.72555  0.99432  0.00000  0.00200
 0.99757  0.00200 -2.43156  0.99478  0.00000  0.00200
 0.99782  0.00200 -2.18269  0.99518  0.00000  0.00200
 0.99803  0.00200 -1.97015  0.99552  0.00000  0.00200
 0.99837  0.00200 -1.62859  0.99609  0.00000  0.00200
 0.99863  0.00200 -1.36872  0.99654  0.00000  0.00200
 0.99883  0.00200 -1.16642  0.99690  0.00000  0.00200
 0.99899  0.00200 -1.00586  0.99720  0.00000  0.00200
 0.99912  0.00200 -0.87631  0.99745  0.00000  0.00200
 0.99923  0.00200 -0.77026  0.99766  0.00000  0.00200
 0.99932  0.00200 -0.68236  0.99784  0.00000  0.00200
 0.99939  0.00200 -0.60869  0.99800  0.00000  0.00200
 0.99945  0.00200 -0.54633  0.99813  0.00000  0.00200
 0.99951  0.00200 -0.49309  0.99825  0.00000  0.00200
 0.99955  0.00200 -0.44727  0.99836  0.00000  0.00200
 0.99959  0.00200 -0.40755  0.99845  0.00000  0.00200
 0.99963  0.00200 -0.37289  0.99854  0.00000  0.00200
 0.99966  0.00200 -0.34248  0.99861  0.00000  0.00200
 0.99968  0.00200 -0.31564  0.99868  0.00000  0.00200
 0.99974  0.00200 -0.26087  0.99883  0.00000  0.00200
 0.99978  0.00200 -0.21922  0.99894  0.00000  0.00200
 0.99981  0.00200 -0.18680  0.99904  0.00000  0.00200
 0.99984  0.00200 -0.16107  0.99912  0.00000  0.00200
 0.99986  0.00200 -0.14031  0.99919  0.00000  0.00200
 0.99988  0.00200 -0.12333  0.99925  0.00000  0.00200
 0.99989  0.00200 -0.10925  0.99930  0.00000  0.00200
 0.99990  0.00200 -0.09745  0.99934  0.00000  0.00200
 0.99991  0.00200 -0.08746  0.99938  0.00000  0.00200
 0.99992  0.00200 -0.07893  0.99942  0.00000  0.00200
 0.99993  0.00200 -0.06524  0.99948  0.00000  0.00200
 0.99995  0.00200 -0.05482  0.99953  0.00000  0.00200
 0.99995  0.00200 -0.04671  0.99957  0.00000  0.00200
 0.99996  0.00200 -0.04028  0.99960  0.00000  0.00200
 0.99996  0.00200 -0.03509  0.99963  0.00000  0.00200
 0.99997  0.00200 -0.03084  0.99966  0.00000  0.00200
 0.99997  0.00200 -0.02732  0.99968  0.00000  0.00200
 0.99998  0.00200 -0.02437  0.99970  0.00000  0.00200
 0.99998  0.00200 -0.02187  0.99971  0.00000  0.00200
 0.99998  0.00200 -0.01974  0.99973  0.00000  0.00200
 0.99998  0.00200 -0.01631  0.99976  0.00000  0.00200
 0.99999  0.00200 -0.01371  0.99978  0.00000  0.00200
 0.99999  0.00200 -0.01168  0.99980  0.00000  0.00200
 0.99999  0.00200 -0.01007  0.99981  0.00000  0.00200
 0.99999  0.00200 -0.00877  0.99982  0.00000  0.00200
 0.99999  0.00200 -0.00771  0.99984  0.00000  0.00200
 0.99999  0.00200 -0.00683  0.99985  0.00000  0.00200
 0.99999  0.00200 -0.00609  0.99985  0.00000  0.00200
 0.99999  0.00200 -0.00547  0.99986  0.00000  0.00200
 1.00000  0.00200 -0.00493  0.99987  0.00000  0.00200
 1.00000  0.00200 -0.00448  0.99988  0.00000  0.00200
 1.00000  0.00200 -0.00408  0.99988  0.00000  0.00200
 1.00000  0.00200 -0.00373  0.99989  0.00000  0.00200
 1.00000  0.00200 -0.00343  0.99989  0.00000  0.00200
 1.00000  0.00200 -0.00316  0.99990  0.00000  0.00200
 1.00000  0.00200 -0.00261  0.99991  0.00000  0.00200
 1.00000  0.00200 -0.00219  0.99991  0.00000  0.00200
 1.00000  0.00200 -0.00187  0.99992  0.00000  0.00200
 1.00000  0.00200 -0.00161  0.99993  0.00000  0.00200
 1.00000  0.00200 -0.00140  0.99993  0.00000  0.00200
 1.00000  0.00200 -0.00123  0.99994  0.00000  0.00200
 1.00000  0.00200 -0.00109  0.99994  0.00000  0.00200
 1.00000  0.00200 -0.00097  0.99994  0.00000  0.00200
 1.00000  0.00200 -0.00087  0.99995  0.00000  0.00200
 1.00000  0.00200 -0.00079  0.99995  0.00000  0.00200
 1.00000  0.00200 -0.00065  0.99995  0.00000  0.00200
 1.00000  0.00200 -0.00055  0.99996  0.00000  0.00200
 1.00000  0.00200 -0.00047  0.99996  0.00000  0.00200
 1.00000  0.00200 -0.00040  0.99996  0.00000  0.00200
 1.00000  0.00200 -0.00035  0.99997  0.00000  0.00200
