 0.95106  0.00197 -48.54028  0.95106  0.00000  0.00197
 0.95557  0.00197 -44.09527  0.95557  0.00000  0.00197
 0.95949  0.00197 -40.23132  0.95949  0.00000  0.00197
 0.96292  0.00198 -36.85181  0.96292  0.00000  0.00198
 0.96593  0.00198 -33.87933  0.96593  0.00000  0.00198
 0.96858  0.00198 -31.25129  0.96858  0.00000  0.00198
 0.97401  0.00198 -25.87493  0.97401  0.00000  0.00198
 0.97815  0.00199 -21.77246  0.97815  0.00000  0.00199
 0.98137  0.00199 -18.57181  0.98137  0.00000  0.00199
 0.98393  0.00199 -16.02723  0.98393  0.00000  0.00199
 0.98600  0.00199 -13.97119  0.98600  0.00000  0.00199
 0.98769  0.00199 -12.28633  0.98769  0.00000  0.00199
 0.98909  0.00199 -10.88852  0.98909  0.00000  0.00199
 0.99027  0.00199 -9.71612  0.99027  0.00000  0.00199
 0.99126  0.00199 -8.72319  0.99126  0.00000  0.00199
 0.99211  0.00199 -7.87492  0.99211  0.00000  0.00199
 0.99348  0.00200 -6.51117  0.99348  0.00000  0.00200
 0.99452  0.00200 -5.47310  0.99452  0.00000  0.00200
 0.99533  0.00200 -4.66473  0.99533  0.00000  0.00200
 0.99597  0.00200 -4.02300  0.99597  0.00000  0.00200
 0.99649  0.00200 -3.50509  0.99649  0.00000  0.00200
 0.99692  0.00200 -3.08108  0.99692  0.00000  0.00200
 0.99727  0.00200 -2.72958  0.99727  0.00000  0.00200
 0.99756  0.00200 -2.43496  0.99756  0.00000  0.00200
 0.99781  0.00200 -2.18558  0.99781  0.00000  0.00200
 0.99803  0.00200 -1.97262  0.99803  0.00000  0.00200
 0.99837  0.00200 -1.63045  0.99837  0.00000  0.00200
 0.99863  0.00200 -1.37015  0.99863  0.00000  0.00200
 0.99883  0.00200 -1.16755  0.99883  0.00000  0.00200
 0.99899  0.00200 -1.00676  0.99899  0.00000  0.00200
 0.99912  0.00200 -0.87704  0.99912  0.00000  0.00200
 0.99923  0.00200 -0.77086  0.99923  0.00000  0.00200
 0.99932  0.00200 -0.68286  0.99932  0.00000  0.00200
 0.99939  0.00200 -0.60911  0.99939  0.00000  0.00200
 0.99945  0.00200 -0.54669  0.99945  0.00000  0.00200
 0.99951  0.00200 -0.49340  0.99951  0.00000  0.00200
 0.99955  0.00200 -0.44753  0.99955  0.00000  0.00200
 0.99959  0.00200 -0.40778  0.99959  0.00000  0.00200
 0.99963  0.00200 -0.37310  0.99963  0.00000  0.00200
 0.99966  0.00200 -0.34266  0.99966  0.00000  0.00200
 0.99968  0.00200 -0.31579  0.99968  0.00000  0.00200
 0.99974  0.00200 -0.26099  0.99974  0.00000  0.00200
 0.99978  0.00200 -0.21931  0.99978  0.00000  0.00200
 0.99981  0.00200 -0.18687  0.99981  0.00000  0.00200
 0.99984  0.00200 -0.16113  0.99984  0.00000  0.00200
 0.99986  0.00200 -0.14036  0.99986  0.00000  0.00200
 0.99988  0.00200 -0.12336  0.99988  0.00000  0.00200
 0.99989  0.00200 -0.10928  0.99989  0.00000  0.00200
 0.99990  0.00200 -0.09747  0.99990  0.00000  0.00200
 0.99991  0.00200 -0.08748  0.99991  0.00000  0.00200
 0.99992  0.00200 -0.07895  0.99992  0.00000  0.00200
 0.99993  0.00200 -0.06525  0.99993  0.00000  0.00200
 0.99995  0.00200 -0.05483  0.99995  0.00000  0.00200
 0.99995  0.00200 -0.04672  0.99995  0.00000  0.00200
 0.99996  0.00200 -0.04028  0.99996  0.00000  0.00200
 0.99996  0.00200 -0.03509  0.99996  0.00000  0.00200
 0.99997  0.00200 -0.03084  0.99997  0.00000  0.00200
 0.99997  0.00200 -0.02732  0.99997  0.00000  0.00200
 0.99998  0.00200 -0.02437  0.99998  0.00000  0.00200
 0.99998  0.00200 -0.02187  0.99998  0.00000  0.00200
 0.99998  0.00200 -0.01974  0.99998  0.00000  0.00200
 0.99998  0.00200 -0.01631  0.99998  0.00000  0.00200
 0.99999  0.00200 -0.01371  0.99999  0.00000  0.00200
 0.99999  0.00200 -0.01168  0.99999  0.00000  0.00200
 0.99999  0.00200 -0.01007  0.99999  0.00000  0.00200
 0.99999  0.00200 -0.00877  0.99999  0.00000  0.00200
 0.99999  0.00200 -0.00771  0.99999  0.00000  0.00200
 0.99999  0.00200 -0.00683  0.99999  0.00000  0.00200
 0.99999  0.00200 -0.00609  0.99999  0.00000  0.00200
 0.99999  0.00200 -0.00547  0.99999  0.00000  0.00200
 1.00000  0.00200 -0.00493  1.00000  0.00000  0.00200
 1.00000  0.00200 -0.00448  1.00000  0.00000  0.00200
 1.00000  0.00200 -0.00408  1.00000  0.00000  0.00200
 1.00000  0.00200 -0.00373  1.00000  0.00000  0.00200
 1.00000  0.00200 -0.00343  1.00000  0.00000  0.00200
 1.00000  0.00200 -0.00316  1.00000  0.00000  0.00200
 1.00000  0.00200 -0.00261  1.00000  0.00000  0.00200
 1.00000  0.00200 -0.00219  1.00000  0.00000  0.00200
 1.00000  0.00200 -0.00187  1.00000  0.00000  0.00200
 1.00000  0.00200 -0.00161  1.00000  0.00000  0.00200
 1.00000  0.00200 -0.00140  1.00000  0.00000  0.00200
 1.00000  0.00200 -0.00123  1.00000  0.00000  0.00200
 1.00000  0.00200 -0.00109  1.00000  0.00000  0.00200
 1.00000  0.00200 -0.00097  1.00000  0.00000  0.00200
 1.00000  0.00200 -0.00087  1.00000  0.00000  0.00200
 1.00000  0.00200 -0.00079  1.00000  0.00000  0.00200
 1.00000  0.00200 -0.00065  1.00000  0.00000  0.00200
 1.00000  0.00200 -0.00055  1.00000  0.00000  0.00200
 1.00000  0.00200 -0.00047  1.00000  0.00000  0.00200
 1.00000  0.00200 -0.00040  1.00000  0.00000  0.00200
 1.00000  0.00200 -0.00035  1.00000  0.00000  0.00200
