 0.09262  0.00547 -134.91803 -0.07916  0.00004  0.00547
 0.15703  0.00577 -129.02393 -0.01546  0.00004  0.00577
 0.21567  0.00603 -123.02433  0.04336  0.00004  0.00603
 0.26904  0.00628 -117.07797  0.09761  0.00004  0.00628
 0.31764  0.00649 -111.28643  0.14760  0.00004  0.00649
 0.36193  0.00669 -105.71221  0.19368  0.00004  0.00669
 0.45655  0.00712 -92.91959  0.29387  0.00004  0.00712
 0.53252  0.00746 -81.83485  0.37623  0.00004  0.00746
 0.59418  0.00774 -72.34348  0.44450  0.00004  0.00774
 0.64475  0.00797 -64.24358  0.50160  0.00004  0.00797
 0.68665  0.00817 -57.32473  0.54980  0.00004  0.00817
 0.72170  0.00833 -51.39624  0.59082  0.00005  0.00833
 0.75129  0.00847 -46.29481  0.62604  0.00005  0.00847
 0.77648  0.00859 -41.88419  0.65649  0.00005  0.00859
 0.79807  0.00870 -38.05201  0.68300  0.00005  0.00870
 0.81672  0.00879 -34.70600  0.70625  0.00005  0.00879
 0.84710  0.00894 -29.18305  0.74492  0.00005  0.00894
 0.87056  0.00907 -24.85600  0.77562  0.00005  0.00907
 0.88905  0.00917 -21.40978  0.80045  0.00005  0.00917
 0.90386  0.00925 -18.62438  0.82086  0.00005  0.00925
 0.91590  0.00931 -16.34326  0.83787  0.00005  0.00931
 0.92583  0.00937 -14.45299  0.85222  0.00005  0.00937
 0.93410  0.00942 -12.86996  0.86446  0.00005  0.00942
 0.94107  0.00946 -11.53156  0.87500  0.00005  0.00946
 0.94699  0.00950 -10.39024  0.88415  0.00005  0.00950
 0.95206  0.00953 -9.40937  0.89216  0.00005  0.00953
 0.96025  0.00959 -7.82078  0.90548  0.00005  0.00959
 0.96651  0.00963 -6.60153  0.91608  0.00005  0.00963
 0.97140  0.00967 -5.64579  0.92468  0.00005  0.00967
 0.97530  0.00970 -4.88297  0.93178  0.00005  0.00970
 0.97845  0.00972 -4.26455  0.93773  0.00005  0.00972
 0.98103  0.00974 -3.75635  0.94277  0.00005  0.00974
 0.98318  0.00976 -3.33370  0.94710  0.00005  0.00976
 0.98498  0.00978 -2.97845  0.95085  0.00005  0.00978
 0.98651  0.00979 -2.67701  0.95413  0.00005  0.00979
 0.98782  0.00980 -2.41907  0.95702  0.00005  0.00980
 0.98894  0.00982 -2.19664  0.95957  0.00005  0.00982
 0.98992  0.00983 -2.00351  0.96186  0.00005  0.00983
 0.99077  0.00983 -1.83474  0.96391  0.00005  0.00983
 0.99152  0.00984 -1.68641  0.96575  0.00005  0.00984
 0.99218  0.00985 -1.55536  0.96743  0.00005  0.00985
 0.99353  0.00987 -1.28747  0.97099  0.00005  0.00987
 0.99456  0.00988 -1.08324  0.97387  0.00005  0.00988
 0.99536  0.00989 -0.92399  0.97624  0.00005  0.00989
 0.99600  0.00990 -0.79742  0.97823  0.00005  0.00990
 0.99651  0.00991 -0.69518  0.97992  0.00005  0.00991
 0.99693  0.00991 -0.61140  0.98136  0.00005  0.00991
 0.99728  0.00992 -0.54190  0.98262  0.00005  0.00992
 0.99758  0.00992 -0.48361  0.98372  0.00005  0.00992
 0.99782  0.00993 -0.43424  0.98469  0.00005  0.00993
 0.99803  0.00993 -0.39206  0.98556  0.00005  0.00993
 0.99838  0.00994 -0.32423  0.98702  0.00005  0.00994
 0.99863  0.00994 -0.27260  0.98822  0.00005  0.00994
 0.99884  0.00995 -0.23238  0.98922  0.00005  0.00995
 0.99900  0.00995 -0.20045  0.99006  0.00005  0.00995
 0.99913  0.00996 -0.17468  0.99079  0.00005  0.00996
 0.99923  0.00996 -0.15357  0.99141  0.00005  0.00996
 0.99932  0.00996 -0.13607  0.99196  0.00005  0.00996
 0.99939  0.00996 -0.12140  0.99244  0.00005  0.00996
 0.99945  0.00997 -0.10898  0.99286  0.00005  0.00997
 0.99951  0.00997 -0.09837  0.99325  0.00005  0.00997
 0.99959  0.00997 -0.08132  0.99390  0.00005  0.00997
 0.99966  0.00997 -0.06835  0.99444  0.00005  0.00997
 0.99971  0.00997 -0.05825  0.99489  0.00005  0.00997
 0.99975  0.00998 -0.05024  0.99527  0.00005  0.00998
 0.99978  0.00998 -0.04377  0.99560  0.00005  0.00998
 0.99981  0.00998 -0.03848  0.99589  0.00005  0.00998
 0.99983  0.00998 -0.03409  0.99614  0.00005  0.00998
 0.99985  0.00998 -0.03041  0.99636  0.00005  0.00998
 0.99986  0.00998 -0.02729  0.99656  0.00005  0.00998
 0.99988  0.00998 -0.02463  0.99674  0.00005  0.00998
 0.99989  0.00998 -0.02235  0.99690  0.00005  0.00998
 0.99990  0.00999 -0.02036  0.99705  0.00005  0.00999
 0.99991  0.00999 -0.01863  0.99718  0.00005  0.00999
 0.99991  0.00999 -0.01711  0.99730  0.00005  0.00999
 0.99992  0.00999 -0.01577  0.99741  0.00005  0.00999
 0.99993  0.00999 -0.01304  0.99765  0.00005  0.00999
 0.99995  0.00999 -0.01095  0.99785  0.00005  0.00999
 0.99995  0.00999 -0.00933  0.99802  0.00005  0.00999
 0.99996  0.00999 -0.00805  0.99817  0.00005  0.00999
 0.99996  0.00999 -0.00701  0.99829  0.00005  0.00999
 0.99997  0.00999 -0.00616  0.99840  0.00005  0.00999
 0.99997  0.00999 -0.00546  0.99850  0.00005  0.00999
 0.99998  0.00999 -0.00487  0.99858  0.00005  0.00999
 0.99998  0.00999 -0.00437  0.99866  0.00005  0.00999
 0.99998  0.00999 -0.00395  0.99872  0.00005  0.00999
 0.99998  0.00999 -0.00326  0.99884  0.00005  0.00999
 0.99999  0.00999 -0.00274  0.99894  0.00005  0.00999
 0.99999  0.01000 -0.00233  0.99902  0.00005  0.01000
 0.99999  0.01000 -0.00201  0.99909  0.00005  0.01000
 0.99999  0.01000 -0.00175  0.99915  0.00005  0.01000
