-0.72916  0.00007 -1.81575 -0.73147  0.00007  0.00007
-0.71918  0.00082 -18.26552 -0.74360  0.00008  0.00082
-0.69570  0.00156 -31.86717 -0.74033  0.00008  0.00156
-0.66231  0.00230 -42.92631 -0.72517  0.00009  0.00230
-0.62189  0.00302 -51.77462 -0.70100  0.00009  0.00302
-0.57668  0.00372 -58.73442 -0.67016  0.00010  0.00372
-0.45314  0.00534 -69.72852 -0.57522  0.00011  0.00534
-0.32711  0.00678 -74.36760 -0.46914  0.00012  0.00678
-0.20705  0.00804 -75.14140 -0.36252  0.00013  0.00804
-0.09657  0.00914 -73.64544 -0.26066  0.00014  0.00914
 0.00327  0.01010 -70.87882 -0.16594  0.00014  0.01010
 0.09262  0.01094 -67.45902 -0.07916  0.00015  0.01094
 0.17221  0.01167 -63.76327 -0.00031  0.00015  0.01167
 0.24298  0.01231 -60.01853  0.07104  0.00016  0.01231
 0.30591  0.01288 -56.35792  0.13548  0.00016  0.01288
 0.36193  0.01339 -52.85610  0.19368  0.00016  0.01339
 0.45655  0.01424 -46.45979  0.29387  0.00017  0.01424
 0.53252  0.01492 -40.91742  0.37623  0.00017  0.01492
 0.59418  0.01548 -36.17174  0.44450  0.00017  0.01548
 0.64475  0.01595 -32.12179  0.50160  0.00018  0.01595
 0.68665  0.01634 -28.66237  0.54980  0.00018  0.01634
 0.72170  0.01666 -25.69812  0.59082  0.00018  0.01666
 0.75129  0.01694 -23.14741  0.62604  0.00018  0.01694
 0.77648  0.01719 -20.94210  0.65649  0.00018  0.01719
 0.79807  0.01740 -19.02600  0.68300  0.00018  0.01740
 0.81672  0.01758 -17.35300  0.70625  0.00019  0.01758
 0.84710  0.01789 -14.59152  0.74492  0.00019  0.01789
 0.87056  0.01813 -12.42800  0.77562  0.00019  0.01813
 0.88905  0.01833 -10.70489  0.80045  0.00019  0.01833
 0.90386  0.01849 -9.31219  0.82086  0.00019  0.01849
 0.91590  0.01863 -8.17163  0.83787  0.00019  0.01863
 0.92583  0.01874 -7.22649  0.85222  0.00019  0.01874
 0.93410  0.01884 -6.43498  0.86446  0.00019  0.01884
 0.94107  0.01893 -5.76578  0.87500  0.00019  0.01893
 0.94699  0.01900 -5.19512  0.88415  0.00019  0.01900
 0.95206  0.01907 -4.70468  0.89216  0.00019  0.01907
 0.95644  0.01913 -4.28019  0.89922  0.00019  0.01913
 0.96025  0.01918 -3.91039  0.90548  0.00019  0.01918
 0.96358  0.01922 -3.58632  0.91107  0.00020  0.01922
 0.96651  0.01926 -3.30077  0.91608  0.00020  0.01926
 0.96910  0.01930 -3.04789  0.92059  0.00020  0.01930
 0.97440  0.01938 -2.52927  0.93012  0.00020  0.01938
 0.97845  0.01944 -2.13228  0.93773  0.00020  0.01944
 0.98161  0.01950 -1.82174  0.94392  0.00020  0.01950
 0.98412  0.01954 -1.57429  0.94904  0.00020  0.01954
 0.98615  0.01958 -1.37397  0.95335  0.00020  0.01958
 0.98782  0.01961 -1.20953  0.95702  0.00020  0.01961
 0.98920  0.01964 -1.07291  0.96017  0.00020  0.01964
 0.99036  0.01966 -0.95817  0.96291  0.00020  0.01966
 0.99134  0.01968 -0.86088  0.96531  0.00020  0.01968
 0.99218  0.01970 -0.77768  0.96743  0.00020  0.01970
 0.99353  0.01973 -0.64374  0.97099  0.00020  0.01973
 0.99456  0.01976 -0.54162  0.97387  0.00020  0.01976
 0.99536  0.01978 -0.46199  0.97624  0.00020  0.01978
 0.99600  0.01979 -0.39871  0.97823  0.00020  0.01979
 0.99651  0.01981 -0.34759  0.97992  0.00020  0.01981
 0.99693  0.01982 -0.30570  0.98136  0.00020  0.01982
 0.99728  0.01983 -0.27095  0.98262  0.00020  0.01983
 0.99758  0.01984 -0.24180  0.98372  0.00020  0.01984
 0.99782  0.01985 -0.21712  0.98469  0.00020  0.01985
 0.99803  0.01986 -0.19603  0.98556  0.00020  0.01986
 0.99838  0.01988 -0.16212  0.98702  0.00020  0.01988
 0.99863  0.01989 -0.13630  0.98822  0.00020  0.01989
 0.99884  0.01990 -0.11619  0.98922  0.00020  0.01990
 0.99900  0.01990 -0.10023  0.99006  0.00020  0.01990
 0.99913  0.01991 -0.08734  0.99079  0.00020  0.01991
 0.99923  0.01992 -0.07678  0.99141  0.00020  0.01992
 0.99932  0.01992 -0.06803  0.99196  0.00020  0.01992
 0.99939  0.01993 -0.06070  0.99244  0.00020  0.01993
 0.99945  0.01993 -0.05449  0.99286  0.00020  0.01993
 0.99951  0.01993 -0.04919  0.99325  0.00020  0.01993
 0.99955  0.01994 -0.04462  0.99359  0.00020  0.01994
 0.99959  0.01994 -0.04066  0.99390  0.00020  0.01994
 0.99963  0.01994 -0.03721  0.99418  0.00020  0.01994
 0.99966  0.01995 -0.03418  0.99444  0.00020  0.01995
 0.99968  0.01995 -0.03150  0.99467  0.00020  0.01995
 0.99974  0.01995 -0.02604  0.99518  0.00020  0.01995
 0.99978  0.01996 -0.02188  0.99560  0.00020  0.01996
 0.99981  0.01996 -0.01865  0.99595  0.00020  0.01996
 0.99984  0.01996 -0.01608  0.99626  0.00020  0.01996
 0.99986  0.01997 -0.01401  0.99651  0.00020  0.01997
 0.99988  0.01997 -0.01232  0.99674  0.00020  0.01997
 0.99989  0.01997 -0.01091  0.99694  0.00020  0.01997
 0.99990  0.01997 -0.00973  0.99711  0.00020  0.01997
 0.99991  0.01997 -0.00874  0.99727  0.00020  0.01997
 0.99992  0.01997 -0.00789  0.99741  0.00020  0.01997
 0.99993  0.01998 -0.00652  0.99765  0.00020  0.01998
 0.99995  0.01998 -0.00548  0.99785  0.00020  0.01998
 0.99995  0.01998 -0.00467  0.99802  0.00020  0.01998
 0.99996  0.01998 -0.00402  0.99817  0.00020  0.01998
 0.99996  0.01998 -0.00351  0.99829  0.00020  0.01998
