 0.95206  0.00191 -47.04683  0.89216  0.00000  0.00191
 0.95644  0.00191 -42.80191  0.89922  0.00000  0.00191
 0.96025  0.00192 -39.10391  0.90548  0.00000  0.00192
 0.96358  0.00192 -35.86319  0.91107  0.00000  0.00192
 0.96651  0.00193 -33.00767  0.91608  0.00000  0.00193
 0.96910  0.00193 -30.47887  0.92059  0.00000  0.00193
 0.97440  0.00194 -25.29265  0.93012  0.00000  0.00194
 0.97845  0.00194 -21.32277  0.93773  0.00000  0.00194
 0.98161  0.00195 -18.21735  0.94392  0.00000  0.00195
 0.98412  0.00195 -15.74292  0.94904  0.00000  0.00195
 0.98615  0.00196 -13.73969  0.95335  0.00000  0.00196
 0.98782  0.00196 -12.09535  0.95702  0.00000  0.00196
 0.98920  0.00196 -10.72912  0.96017  0.00000  0.00196
 0.99036  0.00197 -9.58171  0.96291  0.00000  0.00197
 0.99134  0.00197 -8.60881  0.96531  0.00000  0.00197
 0.99218  0.00197 -7.77678  0.96743  0.00000  0.00197
 0.99353  0.00197 -6.43735  0.97099  0.00000  0.00197
 0.99456  0.00198 -5.41618  0.97387  0.00000  0.00198
 0.99536  0.00198 -4.61993  0.97624  0.00000  0.00198
 0.99600  0.00198 -3.98711  0.97823  0.00000  0.00198
 0.99651  0.00198 -3.47589  0.97992  0.00000  0.00198
 0.99693  0.00198 -3.05701  0.98136  0.00000  0.00198
 0.99728  0.00198 -2.70951  0.98262  0.00000  0.00198
 0.99758  0.00198 -2.41804  0.98372  0.00000  0.00198
 0.99782  0.00199 -2.17118  0.98469  0.00000  0.00199
 0.99803  0.00199 -1.96028  0.98556  0.00000  0.00199
 0.99838  0.00199 -1.62117  0.98702  0.00000  0.00199
 0.99863  0.00199 -1.36300  0.98822  0.00000  0.00199
 0.99884  0.00199 -1.16192  0.98922  0.00000  0.00199
 0.99900  0.00199 -1.00226  0.99006  0.00000  0.00199
 0.99913  0.00199 -0.87338  0.99079  0.00000  0.00199
 0.99923  0.00199 -0.76785  0.99141  0.00000  0.00199
 0.99932  0.00199 -0.68034  0.99196  0.00000  0.00199
 0.99939  0.00199 -0.60699  0.99244  0.00000  0.00199
 0.99945  0.00199 -0.54489  0.99286  0.00000  0.00199
 0.99951  0.00199 -0.49185  0.99325  0.00000  0.00199
 0.99955  0.00199 -0.44620  0.99359  0.00000  0.00199
 0.99959  0.00199 -0.40662  0.99390  0.00000  0.00199
 0.99963  0.00199 -0.37208  0.99418  0.00000  0.00199
 0.99966  0.00199 -0.34176  0.99444  0.00000  0.00199
 0.99968  0.00199 -0.31500  0.99467  0.00000  0.00199
 0.99974  0.00200 -0.26040  0.99518  0.00000  0.00200
 0.99978  0.00200 -0.21885  0.99560  0.00000  0.00200
 0.99981  0.00200 -0.18651  0.99595  0.00000  0.00200
 0.99984  0.00200 -0.16084  0.99626  0.00000  0.00200
 0.99986  0.00200 -0.14013  0.99651  0.00000  0.00200
 0.99988  0.00200 -0.12317  0.99674  0.00000  0.00200
 0.99989  0.00200 -0.10912  0.99694  0.00000  0.00200
 0.99990  0.00200 -0.09734  0.99711  0.00000  0.00200
 0.99991  0.00200 -0.08737  0.99727  0.00000  0.00200
 0.99992  0.00200 -0.07886  0.99741  0.00000  0.00200
 0.99993  0.00200 -0.06518  0.99765  0.00000  0.00200
 0.99995  0.00200 -0.05477  0.99785  0.00000  0.00200
 0.99995  0.00200 -0.04667  0.99802  0.00000  0.00200
 0.99996  0.00200 -0.04025  0.99817  0.00000  0.00200
 0.99996  0.00200 -0.03506  0.99829  0.00000  0.00200
 0.99997  0.00200 -0.03082  0.99840  0.00000  0.00200
 0.99997  0.00200 -0.02730  0.99850  0.00000  0.00200
 0.99998  0.00200 -0.02435  0.99858  0.00000  0.00200
 0.99998  0.00200 -0.02186  0.99866  0.00000  0.00200
 0.99998  0.00200 -0.01973  0.99872  0.00000  0.00200
 0.99998  0.00200 -0.01630  0.99884  0.00000  0.00200
 0.99999  0.00200 -0.01370  0.99894  0.00000  0.00200
 0.99999  0.00200 -0.01167  0.99902  0.00000  0.00200
 0.99999  0.00200 -0.01007  0.99909  0.00000  0.00200
 0.99999  0.00200 -0.00877  0.99915  0.00000  0.00200
 0.99999  0.00200 -0.00771  0.99921  0.00000  0.00200
 0.99999  0.00200 -0.00683  0.99925  0.00000  0.00200
 0.99999  0.00200 -0.00609  0.99930  0.00000  0.00200
 0.99999  0.00200 -0.00547  0.99933  0.00000  0.00200
 1.00000  0.00200 -0.00493  0.99937  0.00000  0.00200
 1.00000  0.00200 -0.00447  0.99940  0.00000  0.00200
 1.00000  0.00200 -0.00408  0.99942  0.00000  0.00200
 1.00000  0.00200 -0.00373  0.99945  0.00000  0.00200
 1.00000  0.00200 -0.00343  0.99947  0.00000  0.00200
 1.00000  0.00200 -0.00316  0.99949  0.00000  0.00200
 1.00000  0.00200 -0.00261  0.99954  0.00000  0.00200
 1.00000  0.00200 -0.00219  0.99958  0.00000  0.00200
 1.00000  0.00200 -0.00187  0.99961  0.00000  0.00200
 1.00000  0.00200 -0.00161  0.99964  0.00000  0.00200
 1.00000  0.00200 -0.00140  0.99966  0.00000  0.00200
 1.00000  0.00200 -0.00123  0.99968  0.00000  0.00200
 1.00000  0.00200 -0.00109  0.99970  0.00000  0.00200
 1.00000  0.00200 -0.00097  0.99972  0.00000  0.00200
 1.00000  0.00200 -0.00087  0.99973  0.00000  0.00200
 1.00000  0.00200 -0.00079  0.99975  0.00000  0.00200
 1.00000  0.00200 -0.00065  0.99977  0.00000  0.00200
 1.00000  0.00200 -0.00055  0.99979  0.00000  0.00200
 1.00000  0.00200 -0.00047  0.99981  0.00000  0.00200
 1.00000  0.00200 -0.00040  0.99982  0.00000  0.00200
 1.00000  0.00200 -0.00035  0.99983  0.00000  0.00200
