 0.71455  0.00433 -106.82347  0.64654  0.00001  0.00433
 0.73952  0.00438 -98.04207  0.67399  0.00001  0.00438
 0.76141  0.00443 -90.25420  0.69821  0.00001  0.00443
 0.78069  0.00447 -83.32377  0.71969  0.00001  0.00447
 0.79776  0.00450 -77.13533  0.73883  0.00001  0.00450
 0.81293  0.00453 -71.59096  0.75596  0.00001  0.00453
 0.84422  0.00460 -60.03202  0.79167  0.00001  0.00460
 0.86832  0.00465 -51.01282  0.81961  0.00001  0.00465
 0.88727  0.00469 -43.85394  0.84190  0.00001  0.00469
 0.90243  0.00473 -38.08435  0.86000  0.00001  0.00473
 0.91474  0.00475 -33.37092  0.87490  0.00001  0.00475
 0.92486  0.00478 -29.47341  0.88734  0.00001  0.00478
 0.93329  0.00480 -26.21549  0.89783  0.00001  0.00480
 0.94039  0.00481 -23.46559  0.90677  0.00001  0.00481
 0.94641  0.00483 -21.12403  0.91447  0.00001  0.00483
 0.95156  0.00484 -19.11430  0.92114  0.00001  0.00484
 0.95988  0.00486 -15.86490  0.93210  0.00001  0.00486
 0.96622  0.00488 -13.37588  0.94067  0.00001  0.00488
 0.97117  0.00489 -11.42801  0.94753  0.00001  0.00489
 0.97511  0.00490 -9.87550  0.95311  0.00001  0.00490
 0.97830  0.00491 -8.61842  0.95772  0.00001  0.00491
 0.98091  0.00492 -7.58646  0.96159  0.00001  0.00492
 0.98308  0.00493 -6.72900  0.96487  0.00001  0.00493
 0.98490  0.00493 -6.00888  0.96768  0.00001  0.00493
 0.98644  0.00494 -5.39829  0.97011  0.00001  0.00494
 0.98775  0.00494 -4.87614  0.97223  0.00001  0.00494
 0.98987  0.00495 -4.03562  0.97574  0.00001  0.00495
 0.99148  0.00495 -3.39490  0.97851  0.00001  0.00495
 0.99274  0.00496 -2.89537  0.98076  0.00001  0.00496
 0.99374  0.00496 -2.49843  0.98260  0.00001  0.00496
 0.99454  0.00496 -2.17782  0.98414  0.00001  0.00496
 0.99520  0.00497 -1.91515  0.98545  0.00001  0.00497
 0.99575  0.00497 -1.69726  0.98656  0.00001  0.00497
 0.99621  0.00497 -1.51454  0.98753  0.00001  0.00497
 0.99659  0.00497 -1.35980  0.98837  0.00001  0.00497
 0.99693  0.00498 -1.22761  0.98911  0.00001  0.00498
 0.99721  0.00498 -1.11379  0.98977  0.00001  0.00498
 0.99746  0.00498 -1.01509  0.99035  0.00001  0.00498
 0.99767  0.00498 -0.92895  0.99087  0.00001  0.00498
 0.99786  0.00498 -0.85333  0.99134  0.00001  0.00498
 0.99803  0.00498 -0.78658  0.99177  0.00001  0.00498
 0.99837  0.00498 -0.65032  0.99268  0.00001  0.00498
 0.99863  0.00498 -0.54663  0.99341  0.00001  0.00498
 0.99883  0.00499 -0.46589  0.99401  0.00001  0.00499
 0.99899  0.00499 -0.40180  0.99452  0.00001  0.00499
 0.99912  0.00499 -0.35008  0.99495  0.00001  0.00499
 0.99923  0.00499 -0.30774  0.99531  0.00001  0.00499
 0.99932  0.00499 -0.27264  0.99563  0.00001  0.00499
 0.99939  0.00499 -0.24322  0.99591  0.00001  0.00499
 0.99945  0.00499 -0.21832  0.99615  0.00001  0.00499
 0.99951  0.00499 -0.19705  0.99637  0.00001  0.00499
 0.99959  0.00499 -0.16288  0.99674  0.00001  0.00499
 0.99966  0.00499 -0.13688  0.99704  0.00001  0.00499
 0.99971  0.00499 -0.11665  0.99729  0.00001  0.00499
 0.99975  0.00499 -0.10059  0.99751  0.00001  0.00499
 0.99978  0.00499 -0.08763  0.99769  0.00001  0.00499
 0.99981  0.00499 -0.07703  0.99785  0.00001  0.00499
 0.99983  0.00500 -0.06823  0.99798  0.00001  0.00500
 0.99985  0.00500 -0.06087  0.99810  0.00001  0.00500
 0.99986  0.00500 -0.05463  0.99821  0.00001  0.00500
 0.99988  0.00500 -0.04931  0.99831  0.00001  0.00500
 0.99990  0.00500 -0.04075  0.99847  0.00001  0.00500
 0.99991  0.00500 -0.03425  0.99861  0.00001  0.00500
 0.99993  0.00500 -0.02918  0.99872  0.00001  0.00500
 0.99994  0.00500 -0.02516  0.99882  0.00001  0.00500
 0.99995  0.00500 -0.02192  0.99890  0.00001  0.00500
 0.99995  0.00500 -0.01927  0.99897  0.00001  0.00500
 0.99996  0.00500 -0.01707  0.99903  0.00001  0.00500
 0.99996  0.00500 -0.01522  0.99909  0.00001  0.00500
 0.99997  0.00500 -0.01366  0.99914  0.00001  0.00500
 0.99997  0.00500 -0.01233  0.99918  0.00001  0.00500
 0.99997  0.00500 -0.01119  0.99922  0.00001  0.00500
 0.99997  0.00500 -0.01019  0.99926  0.00001  0.00500
 0.99998  0.00500 -0.00933  0.99929  0.00001  0.00500
 0.99998  0.00500 -0.00856  0.99932  0.00001  0.00500
 0.99998  0.00500 -0.00789  0.99935  0.00001  0.00500
 0.99998  0.00500 -0.00652  0.99941  0.00001  0.00500
 0.99999  0.00500 -0.00548  0.99946  0.00001  0.00500
 0.99999  0.00500 -0.00467  0.99951  0.00001  0.00500
 0.99999  0.00500 -0.00403  0.99954  0.00001  0.00500
 0.99999  0.00500 -0.00351  0.99957  0.00001  0.00500
 0.99999  0.00500 -0.00308  0.99960  0.00001  0.00500
 0.99999  0.00500 -0.00273  0.99962  0.00001  0.00500
 0.99999  0.00500 -0.00244  0.99964  0.00001  0.00500
 0.99999  0.00500 -0.00219  0.99966  0.00001  0.00500
 1.00000  0.00500 -0.00197  0.99968  0.00001  0.00500
 1.00000  0.00500 -0.00163  0.99971  0.00001  0.00500
 1.00000  0.00500 -0.00137  0.99973  0.00001  0.00500
 1.00000  0.00500 -0.00117  0.99976  0.00001  0.00500
 1.00000  0.00500 -0.00101  0.99977  0.00001  0.00500
 1.00000  0.00500 -0.00088  0.99979  0.00001  0.00500
