 0.72170  0.00417 -102.79249  0.59082  0.00001  0.00417
 0.74576  0.00422 -94.51168  0.61941  0.00001  0.00422
 0.76688  0.00427 -87.14645  0.64482  0.00001  0.00427
 0.78551  0.00432 -80.57496  0.66753  0.00001  0.00432
 0.80202  0.00436 -74.69310  0.68790  0.00001  0.00436
 0.81672  0.00440 -69.41200  0.70625  0.00001  0.00440
 0.84710  0.00447 -58.36609  0.74492  0.00001  0.00447
 0.87056  0.00453 -49.71199  0.77562  0.00001  0.00453
 0.88905  0.00458 -42.81956  0.80045  0.00001  0.00458
 0.90386  0.00462 -37.24877  0.82086  0.00001  0.00462
 0.91590  0.00466 -32.68652  0.83787  0.00001  0.00466
 0.92583  0.00469 -28.90597  0.85222  0.00001  0.00469
 0.93410  0.00471 -25.73991  0.86446  0.00001  0.00471
 0.94107  0.00473 -23.06313  0.87500  0.00001  0.00473
 0.94699  0.00475 -20.78049  0.88415  0.00001  0.00475
 0.95206  0.00477 -18.81873  0.89216  0.00001  0.00477
 0.96025  0.00479 -15.64156  0.90548  0.00001  0.00479
 0.96651  0.00482 -13.20307  0.91608  0.00001  0.00482
 0.97140  0.00483 -11.29158  0.92468  0.00001  0.00483
 0.97530  0.00485 -9.76593  0.93178  0.00001  0.00485
 0.97845  0.00486 -8.52911  0.93773  0.00001  0.00486
 0.98103  0.00487 -7.51270  0.94277  0.00001  0.00487
 0.98318  0.00488 -6.66740  0.94710  0.00001  0.00488
 0.98498  0.00489 -5.95689  0.95085  0.00001  0.00489
 0.98651  0.00490 -5.35403  0.95413  0.00001  0.00490
 0.98782  0.00490 -4.83814  0.95702  0.00001  0.00490
 0.98992  0.00491 -4.00701  0.96186  0.00001  0.00491
 0.99152  0.00492 -3.37283  0.96575  0.00001  0.00492
 0.99277  0.00493 -2.87799  0.96895  0.00001  0.00493
 0.99376  0.00493 -2.48450  0.97162  0.00001  0.00493
 0.99456  0.00494 -2.16647  0.97387  0.00001  0.00494
 0.99522  0.00494 -1.90579  0.97580  0.00001  0.00494
 0.99576  0.00495 -1.68946  0.97748  0.00001  0.00495
 0.99622  0.00495 -1.50796  0.97894  0.00001  0.00495
 0.99660  0.00495 -1.35420  0.98022  0.00001  0.00495
 0.99693  0.00496 -1.22280  0.98136  0.00001  0.00496
 0.99722  0.00496 -1.10964  0.98238  0.00001  0.00496
 0.99746  0.00496 -1.01148  0.98330  0.00001  0.00496
 0.99768  0.00496 -0.92579  0.98412  0.00001  0.00496
 0.99787  0.00496 -0.85055  0.98487  0.00001  0.00496
 0.99803  0.00497 -0.78411  0.98556  0.00001  0.00497
 0.99838  0.00497 -0.64847  0.98702  0.00001  0.00497
 0.99863  0.00497 -0.54520  0.98822  0.00001  0.00497
 0.99884  0.00497 -0.46477  0.98922  0.00001  0.00497
 0.99900  0.00498 -0.40090  0.99006  0.00001  0.00498
 0.99913  0.00498 -0.34935  0.99079  0.00001  0.00498
 0.99923  0.00498 -0.30714  0.99141  0.00001  0.00498
 0.99932  0.00498 -0.27214  0.99196  0.00001  0.00498
 0.99939  0.00498 -0.24280  0.99244  0.00001  0.00498
 0.99945  0.00498 -0.21796  0.99286  0.00001  0.00498
 0.99951  0.00498 -0.19674  0.99325  0.00001  0.00498
 0.99959  0.00499 -0.16265  0.99390  0.00001  0.00499
 0.99966  0.00499 -0.13670  0.99444  0.00001  0.00499
 0.99971  0.00499 -0.11651  0.99489  0.00001  0.00499
 0.99975  0.00499 -0.10048  0.99527  0.00001  0.00499
 0.99978  0.00499 -0.08754  0.99560  0.00001  0.00499
 0.99981  0.00499 -0.07695  0.99589  0.00001  0.00499
 0.99983  0.00499 -0.06817  0.99614  0.00001  0.00499
 0.99985  0.00499 -0.06081  0.99636  0.00001  0.00499
 0.99986  0.00499 -0.05459  0.99656  0.00001  0.00499
 0.99988  0.00499 -0.04927  0.99674  0.00001  0.00499
 0.99990  0.00499 -0.04072  0.99705  0.00001  0.00499
 0.99991  0.00499 -0.03422  0.99730  0.00001  0.00499
 0.99993  0.00499 -0.02916  0.99751  0.00001  0.00499
 0.99994  0.00499 -0.02515  0.99770  0.00001  0.00499
 0.99995  0.00499 -0.02191  0.99785  0.00001  0.00499
 0.99995  0.00500 -0.01926  0.99799  0.00001  0.00500
 0.99996  0.00500 -0.01706  0.99811  0.00001  0.00500
 0.99996  0.00500 -0.01522  0.99822  0.00001  0.00500
 0.99997  0.00500 -0.01366  0.99831  0.00001  0.00500
 0.99997  0.00500 -0.01233  0.99840  0.00001  0.00500
 0.99997  0.00500 -0.01118  0.99848  0.00001  0.00500
 0.99997  0.00500 -0.01019  0.99855  0.00001  0.00500
 0.99998  0.00500 -0.00932  0.99861  0.00001  0.00500
 0.99998  0.00500 -0.00856  0.99867  0.00001  0.00500
 0.99998  0.00500 -0.00789  0.99872  0.00001  0.00500
 0.99998  0.00500 -0.00652  0.99884  0.00001  0.00500
 0.99999  0.00500 -0.00548  0.99894  0.00001  0.00500
 0.99999  0.00500 -0.00467  0.99902  0.00001  0.00500
 0.99999  0.00500 -0.00403  0.99909  0.00001  0.00500
 0.99999  0.00500 -0.00351  0.99915  0.00001  0.00500
 0.99999  0.00500 -0.00308  0.99921  0.00001  0.00500
 0.99999  0.00500 -0.00273  0.99925  0.00001  0.00500
 0.99999  0.00500 -0.00244  0.99930  0.00001  0.00500
 0.99999  0.00500 -0.00219  0.99933  0.00001  0.00500
 1.00000  0.00500 -0.00197  0.99937  0.00001  0.00500
 1.00000  0.00500 -0.00163  0.99942  0.00001  0.00500
 1.00000  0.00500 -0.00137  0.99947  0.00001  0.00500
 1.00000  0.00500 -0.00117  0.99951  0.00001  0.00500
 1.00000  0.00500 -0.00101  0.99955  0.00001  0.00500
 1.00000  0.00500 -0.00088  0.99958  0.00001  0.00500
