 0.71012  0.00443 -109.34568  0.68227  0.00001  0.00443
 0.73567  0.00448 -100.24659  0.70887  0.00001  0.00448
 0.75804  0.00452 -92.19125  0.73221  0.00001  0.00452
 0.77772  0.00456 -85.03423  0.75282  0.00001  0.00456
 0.79513  0.00459 -78.65270  0.77110  0.00001  0.00459
 0.81060  0.00462 -72.94286  0.78738  0.00001  0.00462
 0.84245  0.00468 -61.06246  0.82107  0.00001  0.00468
 0.86695  0.00472 -51.81539  0.84716  0.00001  0.00472
 0.88619  0.00476 -44.49074  0.86778  0.00001  0.00476
 0.90156  0.00479 -38.59783  0.88436  0.00001  0.00479
 0.91402  0.00481 -33.79082  0.89789  0.00001  0.00481
 0.92428  0.00483 -29.82106  0.90909  0.00001  0.00483
 0.93280  0.00485 -26.50651  0.91846  0.00001  0.00485
 0.93997  0.00487 -23.71159  0.92639  0.00001  0.00487
 0.94605  0.00488 -21.33382  0.93315  0.00001  0.00488
 0.95126  0.00489 -19.29463  0.93898  0.00001  0.00489
 0.95965  0.00490 -16.00096  0.94844  0.00001  0.00490
 0.96604  0.00492 -13.48102  0.95575  0.00001  0.00492
 0.97104  0.00493 -11.51093  0.96151  0.00001  0.00493
 0.97500  0.00494 -9.94203  0.96614  0.00001  0.00494
 0.97821  0.00494 -8.67261  0.96993  0.00001  0.00494
 0.98084  0.00495 -7.63117  0.97306  0.00001  0.00495
 0.98301  0.00495 -6.76633  0.97569  0.00001  0.00495
 0.98484  0.00496 -6.04036  0.97792  0.00001  0.00496
 0.98639  0.00496 -5.42508  0.97983  0.00001  0.00496
 0.98771  0.00496 -4.89913  0.98148  0.00001  0.00496
 0.98984  0.00497 -4.05292  0.98416  0.00001  0.00497
 0.99146  0.00497 -3.40824  0.98625  0.00001  0.00497
 0.99272  0.00498 -2.90587  0.98791  0.00001  0.00498
 0.99372  0.00498 -2.50685  0.98925  0.00001  0.00498
 0.99453  0.00498 -2.18466  0.99036  0.00001  0.00498
 0.99519  0.00498 -1.92079  0.99128  0.00001  0.00498
 0.99574  0.00498 -1.70197  0.99206  0.00001  0.00498
 0.99620  0.00498 -1.51850  0.99272  0.00001  0.00498
 0.99659  0.00499 -1.36317  0.99329  0.00001  0.00499
 0.99692  0.00499 -1.23050  0.99379  0.00001  0.00499
 0.99721  0.00499 -1.11629  0.99422  0.00001  0.00499
 0.99745  0.00499 -1.01727  0.99461  0.00001  0.00499
 0.99767  0.00499 -0.93086  0.99494  0.00001  0.00499
 0.99786  0.00499 -0.85501  0.99525  0.00001  0.00499
 0.99803  0.00499 -0.78806  0.99552  0.00001  0.00499
 0.99837  0.00499 -0.65144  0.99609  0.00001  0.00499
 0.99863  0.00499 -0.54749  0.99654  0.00001  0.00499
 0.99883  0.00499 -0.46657  0.99690  0.00001  0.00499
 0.99899  0.00499 -0.40234  0.99720  0.00001  0.00499
 0.99912  0.00499 -0.35052  0.99745  0.00001  0.00499
 0.99923  0.00499 -0.30810  0.99766  0.00001  0.00499
 0.99932  0.00500 -0.27294  0.99784  0.00001  0.00500
 0.99939  0.00500 -0.24347  0.99800  0.00001  0.00500
 0.99945  0.00500 -0.21853  0.99813  0.00001  0.00500
 0.99951  0.00500 -0.19724  0.99825  0.00001  0.00500
 0.99959  0.00500 -0.16302  0.99845  0.00001  0.00500
 0.99966  0.00500 -0.13699  0.99861  0.00001  0.00500
 0.99971  0.00500 -0.11673  0.99874  0.00001  0.00500
 0.99975  0.00500 -0.10066  0.99885  0.00001  0.00500
 0.99978  0.00500 -0.08769  0.99894  0.00001  0.00500
 0.99981  0.00500 -0.07707  0.99902  0.00001  0.00500
 0.99983  0.00500 -0.06827  0.99909  0.00001  0.00500
 0.99985  0.00500 -0.06090  0.99915  0.00001  0.00500
 0.99986  0.00500 -0.05466  0.99920  0.00001  0.00500
 0.99988  0.00500 -0.04933  0.99925  0.00001  0.00500
 0.99990  0.00500 -0.04077  0.99933  0.00001  0.00500
 0.99991  0.00500 -0.03426  0.99939  0.00001  0.00500
 0.99993  0.00500 -0.02919  0.99944  0.00001  0.00500
 0.99994  0.00500 -0.02517  0.99949  0.00001  0.00500
 0.99995  0.00500 -0.02193  0.99953  0.00001  0.00500
 0.99995  0.00500 -0.01927  0.99956  0.00001  0.00500
 0.99996  0.00500 -0.01707  0.99959  0.00001  0.00500
 0.99996  0.00500 -0.01523  0.99961  0.00001  0.00500
 0.99997  0.00500 -0.01367  0.99964  0.00001  0.00500
 0.99997  0.00500 -0.01233  0.99966  0.00001  0.00500
 0.99997  0.00500 -0.01119  0.99967  0.00001  0.00500
 0.99997  0.00500 -0.01019  0.99969  0.00001  0.00500
 0.99998  0.00500 -0.00933  0.99970  0.00001  0.00500
 0.99998  0.00500 -0.00857  0.99972  0.00001  0.00500
 0.99998  0.00500 -0.00789  0.99973  0.00001  0.00500
 0.99998  0.00500 -0.00652  0.99976  0.00001  0.00500
 0.99999  0.00500 -0.00548  0.99978  0.00001  0.00500
 0.99999  0.00500 -0.00467  0.99980  0.00001  0.00500
 0.99999  0.00500 -0.00403  0.99981  0.00001  0.00500
 0.99999  0.00500 -0.00351  0.99982  0.00001  0.00500
 0.99999  0.00500 -0.00308  0.99984  0.00001  0.00500
 0.99999  0.00500 -0.00273  0.99985  0.00001  0.00500
 0.99999  0.00500 -0.00244  0.99985  0.00001  0.00500
 0.99999  0.00500 -0.00219  0.99986  0.00001  0.00500
 1.00000  0.00500 -0.00197  0.99987  0.00001  0.00500
 1.00000  0.00500 -0.00163  0.99988  0.00001  0.00500
 1.00000  0.00500 -0.00137  0.99989  0.00001  0.00500
 1.00000  0.00500 -0.00117  0.99990  0.00001  0.00500
 1.00000  0.00500 -0.00101  0.99991  0.00001  0.00500
 1.00000  0.00500 -0.00088  0.99991  0.00001  0.00500
