 0.95304  0.00185 -45.61444  0.83688  0.00000  0.00185
 0.95729  0.00186 -41.55895  0.84617  0.00000  0.00186
 0.96099  0.00186 -38.01849  0.85450  0.00000  0.00186
 0.96423  0.00187 -34.90982  0.86200  0.00000  0.00187
 0.96708  0.00188 -32.16582  0.86879  0.00000  0.00188
 0.96961  0.00188 -29.73183  0.87497  0.00000  0.00188
 0.97479  0.00189 -24.72779  0.88820  0.00000  0.00189
 0.97874  0.00190 -20.88542  0.89897  0.00000  0.00190
 0.98184  0.00191 -17.87189  0.90789  0.00000  0.00191
 0.98431  0.00192 -15.46533  0.91539  0.00000  0.00192
 0.98630  0.00193 -13.51330  0.92178  0.00000  0.00193
 0.98794  0.00193 -11.90831  0.92729  0.00000  0.00193
 0.98930  0.00193 -10.57282  0.93209  0.00000  0.00193
 0.99045  0.00194 -9.44977  0.93630  0.00000  0.00194
 0.99142  0.00194 -8.49643  0.94003  0.00000  0.00194
 0.99225  0.00195 -7.68028  0.94335  0.00000  0.00195
 0.99358  0.00195 -6.36465  0.94901  0.00000  0.00195
 0.99460  0.00196 -5.36005  0.95365  0.00000  0.00196
 0.99539  0.00196 -4.57570  0.95752  0.00000  0.00196
 0.99602  0.00196 -3.95164  0.96080  0.00000  0.00196
 0.99653  0.00196 -3.44701  0.96362  0.00000  0.00196
 0.99695  0.00197 -3.03319  0.96605  0.00000  0.00197
 0.99730  0.00197 -2.68962  0.96819  0.00000  0.00197
 0.99759  0.00197 -2.40128  0.97007  0.00000  0.00197
 0.99783  0.00197 -2.15692  0.97174  0.00000  0.00197
 0.99804  0.00197 -1.94804  0.97324  0.00000  0.00197
 0.99838  0.00198 -1.61197  0.97580  0.00000  0.00198
 0.99864  0.00198 -1.35590  0.97792  0.00000  0.00198
 0.99884  0.00198 -1.15633  0.97970  0.00000  0.00198
 0.99900  0.00198 -0.99778  0.98121  0.00000  0.00198
 0.99913  0.00198 -0.86974  0.98252  0.00000  0.00198
 0.99923  0.00198 -0.76484  0.98365  0.00000  0.00198
 0.99932  0.00198 -0.67784  0.98465  0.00000  0.00198
 0.99939  0.00199 -0.60488  0.98553  0.00000  0.00199
 0.99946  0.00199 -0.54309  0.98632  0.00000  0.00199
 0.99951  0.00199 -0.49031  0.98702  0.00000  0.00199
 0.99955  0.00199 -0.44487  0.98766  0.00000  0.00199
 0.99959  0.00199 -0.40546  0.98824  0.00000  0.00199
 0.99963  0.00199 -0.37106  0.98876  0.00000  0.00199
 0.99966  0.00199 -0.34087  0.98924  0.00000  0.00199
 0.99969  0.00199 -0.31421  0.98968  0.00000  0.00199
 0.99974  0.00199 -0.25980  0.99064  0.00000  0.00199
 0.99978  0.00199 -0.21839  0.99144  0.00000  0.00199
 0.99981  0.00199 -0.18615  0.99211  0.00000  0.00199
 0.99984  0.00199 -0.16055  0.99268  0.00000  0.00199
 0.99986  0.00199 -0.13989  0.99318  0.00000  0.00199
 0.99988  0.00199 -0.12298  0.99361  0.00000  0.00199
 0.99989  0.00199 -0.10896  0.99400  0.00000  0.00199
 0.99990  0.00199 -0.09720  0.99433  0.00000  0.00199
 0.99991  0.00199 -0.08725  0.99464  0.00000  0.00199
 0.99992  0.00199 -0.07876  0.99491  0.00000  0.00199
 0.99993  0.00200 -0.06510  0.99538  0.00000  0.00200
 0.99995  0.00200 -0.05472  0.99577  0.00000  0.00200
 0.99995  0.00200 -0.04663  0.99609  0.00000  0.00200
 0.99996  0.00200 -0.04021  0.99638  0.00000  0.00200
 0.99996  0.00200 -0.03503  0.99662  0.00000  0.00200
 0.99997  0.00200 -0.03079  0.99683  0.00000  0.00200
 0.99997  0.00200 -0.02728  0.99702  0.00000  0.00200
 0.99998  0.00200 -0.02434  0.99719  0.00000  0.00200
 0.99998  0.00200 -0.02184  0.99734  0.00000  0.00200
 0.99998  0.00200 -0.01971  0.99747  0.00000  0.00200
 0.99998  0.00200 -0.01629  0.99770  0.00000  0.00200
 0.99999  0.00200 -0.01369  0.99789  0.00000  0.00200
 0.99999  0.00200 -0.01167  0.99806  0.00000  0.00200
 0.99999  0.00200 -0.01006  0.99820  0.00000  0.00200
 0.99999  0.00200 -0.00877  0.99832  0.00000  0.00200
 0.99999  0.00200 -0.00770  0.99842  0.00000  0.00200
 0.99999  0.00200 -0.00683  0.99852  0.00000  0.00200
 0.99999  0.00200 -0.00609  0.99860  0.00000  0.00200
 0.99999  0.00200 -0.00546  0.99867  0.00000  0.00200
 1.00000  0.00200 -0.00493  0.99874  0.00000  0.00200
 1.00000  0.00200 -0.00447  0.99880  0.00000  0.00200
 1.00000  0.00200 -0.00408  0.99885  0.00000  0.00200
 1.00000  0.00200 -0.00373  0.99890  0.00000  0.00200
 1.00000  0.00200 -0.00343  0.99895  0.00000  0.00200
 1.00000  0.00200 -0.00316  0.99899  0.00000  0.00200
 1.00000  0.00200 -0.00261  0.99908  0.00000  0.00200
 1.00000  0.00200 -0.00219  0.99916  0.00000  0.00200
 1.00000  0.00200 -0.00187  0.99923  0.00000  0.00200
 1.00000  0.00200 -0.00161  0.99928  0.00000  0.00200
 1.00000  0.00200 -0.00140  0.99933  0.00000  0.00200
 1.00000  0.00200 -0.00123  0.99937  0.00000  0.00200
 1.00000  0.00200 -0.00109  0.99941  0.00000  0.00200
 1.00000  0.00200 -0.00097  0.99944  0.00000  0.00200
 1.00000  0.00200 -0.00087  0.99947  0.00000  0.00200
 1.00000  0.00200 -0.00079  0.99950  0.00000  0.00200
 1.00000  0.00200 -0.00065  0.99954  0.00000  0.00200
 1.00000  0.00200 -0.00055  0.99958  0.00000  0.00200
 1.00000  0.00200 -0.00047  0.99961  0.00000  0.00200
 1.00000  0.00200 -0.00040  0.99964  0.00000  0.00200
 1.00000  0.00200 -0.00035  0.99966  0.00000  0.00200
