-0.52551  0.00022 -5.42509 -0.53932  0.00006  0.00022
-0.51421  0.00078 -17.50002 -0.56101  0.00007  0.00078
-0.49308  0.00136 -27.70991 -0.57070  0.00007  0.00136
-0.46458  0.00194 -36.19617 -0.57058  0.00008  0.00194
-0.43073  0.00252 -43.13928 -0.56256  0.00008  0.00252
-0.39316  0.00309 -48.72999 -0.54827  0.00009  0.00309
-0.29065  0.00444 -57.96782 -0.49362  0.00010  0.00444
-0.18548  0.00568 -62.31702 -0.42352  0.00011  0.00568
-0.08443  0.00680 -63.54552 -0.34738  0.00012  0.00680
 0.00943  0.00780 -62.84726 -0.27064  0.00012  0.00780
 0.09499  0.00869 -61.00396 -0.19628  0.00013  0.00869
 0.17219  0.00949 -58.51913 -0.12584  0.00013  0.00949
 0.24148  0.01020 -55.71332 -0.05999  0.00014  0.01020
 0.30352  0.01083 -52.78812  0.00107  0.00014  0.01083
 0.35904  0.01140 -49.86822  0.05744  0.00015  0.01140
 0.40874  0.01191 -47.02861  0.10935  0.00015  0.01191
 0.49334  0.01279 -41.74181  0.20103  0.00016  0.01279
 0.56188  0.01352 -37.06803  0.27870  0.00016  0.01352
 0.61793  0.01413 -33.00294  0.34480  0.00016  0.01413
 0.66421  0.01464 -29.48941  0.40138  0.00017  0.01464
 0.70278  0.01508 -26.45618  0.45014  0.00017  0.01508
 0.73522  0.01545 -23.83353  0.49245  0.00017  0.01545
 0.76272  0.01578 -21.55908  0.52939  0.00017  0.01578
 0.78621  0.01607 -19.57916  0.56185  0.00018  0.01607
 0.80644  0.01632 -17.84851  0.59055  0.00018  0.01632
 0.82396  0.01655 -16.32928  0.61605  0.00018  0.01655
 0.85262  0.01692 -13.80441  0.65928  0.00018  0.01692
 0.87487  0.01723 -11.81049  0.69442  0.00018  0.01723
 0.89247  0.01749 -10.21191  0.72344  0.00018  0.01749
 0.90662  0.01770 -8.91259  0.74775  0.00019  0.01770
 0.91816  0.01788 -7.84337  0.76837  0.00019  0.01788
 0.92770  0.01804 -6.95362  0.78605  0.00019  0.01804
 0.93567  0.01817 -6.20576  0.80135  0.00019  0.01817
 0.94240  0.01829 -5.57141  0.81471  0.00019  0.01829
 0.94813  0.01839 -5.02890  0.82647  0.00019  0.01839
 0.95304  0.01849 -4.56144  0.83688  0.00019  0.01849
 0.95729  0.01857 -4.15590  0.84617  0.00019  0.01857
 0.96099  0.01864 -3.80185  0.85450  0.00019  0.01864
 0.96423  0.01871 -3.49098  0.86200  0.00019  0.01871
 0.96708  0.01877 -3.21658  0.86879  0.00019  0.01877
 0.96961  0.01883 -2.97318  0.87497  0.00019  0.01883
 0.97479  0.01895 -2.47278  0.88820  0.00019  0.01895
 0.97874  0.01905 -2.08854  0.89897  0.00019  0.01905
 0.98184  0.01913 -1.78719  0.90789  0.00019  0.01913
 0.98431  0.01920 -1.54653  0.91539  0.00019  0.01920
 0.98630  0.01925 -1.35133  0.92178  0.00020  0.01925
 0.98794  0.01931 -1.19083  0.92729  0.00020  0.01931
 0.98930  0.01935 -1.05728  0.93209  0.00020  0.01935
 0.99045  0.01939 -0.94498  0.93630  0.00020  0.01939
 0.99142  0.01942 -0.84964  0.94003  0.00020  0.01942
 0.99225  0.01945 -0.76803  0.94335  0.00020  0.01945
 0.99358  0.01951 -0.63646  0.94901  0.00020  0.01951
 0.99460  0.01955 -0.53601  0.95365  0.00020  0.01955
 0.99539  0.01959 -0.45757  0.95752  0.00020  0.01959
 0.99602  0.01962 -0.39516  0.96080  0.00020  0.01962
 0.99653  0.01965 -0.34470  0.96362  0.00020  0.01965
 0.99695  0.01967 -0.30332  0.96605  0.00020  0.01967
 0.99730  0.01969 -0.26896  0.96819  0.00020  0.01969
 0.99759  0.01971 -0.24013  0.97007  0.00020  0.01971
 0.99783  0.01972 -0.21569  0.97174  0.00020  0.01972
 0.99804  0.01974 -0.19480  0.97324  0.00020  0.01974
 0.99838  0.01976 -0.16120  0.97580  0.00020  0.01976
 0.99864  0.01978 -0.13559  0.97792  0.00020  0.01978
 0.99884  0.01980 -0.11563  0.97970  0.00020  0.01980
 0.99900  0.01981 -0.09978  0.98121  0.00020  0.01981
 0.99913  0.01983 -0.08697  0.98252  0.00020  0.01983
 0.99923  0.01984 -0.07648  0.98365  0.00020  0.01984
 0.99932  0.01985 -0.06778  0.98465  0.00020  0.01985
 0.99939  0.01986 -0.06049  0.98553  0.00020  0.01986
 0.99946  0.01986 -0.05431  0.98632  0.00020  0.01986
 0.99951  0.01987 -0.04903  0.98702  0.00020  0.01987
 0.99955  0.01988 -0.04449  0.98766  0.00020  0.01988
 0.99959  0.01988 -0.04055  0.98824  0.00020  0.01988
 0.99963  0.01989 -0.03711  0.98876  0.00020  0.01989
 0.99966  0.01989 -0.03409  0.98924  0.00020  0.01989
 0.99969  0.01990 -0.03142  0.98968  0.00020  0.01990
 0.99974  0.01991 -0.02598  0.99064  0.00020  0.01991
 0.99978  0.01992 -0.02184  0.99144  0.00020  0.01992
 0.99981  0.01992 -0.01861  0.99211  0.00020  0.01992
 0.99984  0.01993 -0.01606  0.99268  0.00020  0.01993
 0.99986  0.01993 -0.01399  0.99318  0.00020  0.01993
 0.99988  0.01994 -0.01230  0.99361  0.00020  0.01994
 0.99989  0.01994 -0.01090  0.99400  0.00020  0.01994
 0.99990  0.01994 -0.00972  0.99433  0.00020  0.01994
 0.99991  0.01995 -0.00873  0.99464  0.00020  0.01995
 0.99992  0.01995 -0.00788  0.99491  0.00020  0.01995
 0.99993  0.01995 -0.00651  0.99538  0.00020  0.01995
 0.99995  0.01996 -0.00547  0.99577  0.00020  0.01996
 0.99995  0.01996 -0.00466  0.99609  0.00020  0.01996
 0.99996  0.01996 -0.00402  0.99638  0.00020  0.01996
 0.99996  0.01997 -0.00350  0.99662  0.00020  0.01997
