 0.70711  0.00450 -111.07207  0.70711  0.00001  0.00450
 0.73305  0.00455 -101.75360  0.73305  0.00001  0.00455
 0.75575  0.00459 -93.51389  0.75575  0.00001  0.00459
 0.77571  0.00462 -86.20092  0.77571  0.00001  0.00462
 0.79335  0.00465 -79.68668  0.79335  0.00001  0.00465
 0.80902  0.00468 -73.86327  0.80902  0.00001  0.00468
 0.84125  0.00473 -61.76266  0.84125  0.00001  0.00473
 0.86603  0.00477 -52.35988  0.86603  0.00001  0.00477
 0.88546  0.00481 -44.92218  0.88546  0.00001  0.00481
 0.90097  0.00483 -38.94531  0.90097  0.00001  0.00483
 0.91355  0.00486 -34.07469  0.91355  0.00001  0.00486
 0.92388  0.00487 -30.05589  0.92388  0.00001  0.00487
 0.93247  0.00489 -26.70292  0.93247  0.00001  0.00489
 0.93969  0.00490 -23.87751  0.93969  0.00001  0.00490
 0.94582  0.00491 -21.47523  0.94582  0.00001  0.00491
 0.95106  0.00492 -19.41611  0.95106  0.00001  0.00492
 0.95949  0.00493 -16.09253  0.95949  0.00001  0.00493
 0.96593  0.00494 -13.55173  0.96593  0.00001  0.00494
 0.97094  0.00495 -11.56665  0.97094  0.00001  0.00495
 0.97493  0.00496 -9.98672  0.97493  0.00001  0.00496
 0.97815  0.00496 -8.70898  0.97815  0.00001  0.00496
 0.98079  0.00497 -7.66118  0.98079  0.00001  0.00497
 0.98297  0.00497 -6.79137  0.98297  0.00001  0.00497
 0.98481  0.00497 -6.06146  0.98481  0.00001  0.00497
 0.98636  0.00498 -5.44304  0.98636  0.00001  0.00498
 0.98769  0.00498 -4.91453  0.98769  0.00001  0.00498
 0.98982  0.00498 -4.06450  0.98982  0.00001  0.00498
 0.99144  0.00499 -3.41717  0.99144  0.00001  0.00499
 0.99271  0.00499 -2.91290  0.99271  0.00001  0.00499
 0.99371  0.00499 -2.51248  0.99371  0.00001  0.00499
 0.99452  0.00499 -2.18924  0.99452  0.00001  0.00499
 0.99518  0.00499 -1.92456  0.99518  0.00001  0.00499
 0.99573  0.00499 -1.70512  0.99573  0.00001  0.00499
 0.99619  0.00499 -1.52115  0.99619  0.00001  0.00499
 0.99658  0.00499 -1.36542  0.99658  0.00001  0.00499
 0.99692  0.00499 -1.23243  0.99692  0.00001  0.00499
 0.99720  0.00500 -1.11796  0.99720  0.00001  0.00500
 0.99745  0.00500 -1.01872  0.99745  0.00001  0.00500
 0.99767  0.00500 -0.93213  0.99767  0.00001  0.00500
 0.99786  0.00500 -0.85612  0.99786  0.00001  0.00500
 0.99803  0.00500 -0.78905  0.99803  0.00001  0.00500
 0.99837  0.00500 -0.65218  0.99837  0.00001  0.00500
 0.99863  0.00500 -0.54806  0.99863  0.00001  0.00500
 0.99883  0.00500 -0.46702  0.99883  0.00001  0.00500
 0.99899  0.00500 -0.40271  0.99899  0.00001  0.00500
 0.99912  0.00500 -0.35082  0.99912  0.00001  0.00500
 0.99923  0.00500 -0.30835  0.99923  0.00001  0.00500
 0.99932  0.00500 -0.27314  0.99932  0.00001  0.00500
 0.99939  0.00500 -0.24364  0.99939  0.00001  0.00500
 0.99945  0.00500 -0.21868  0.99945  0.00001  0.00500
 0.99951  0.00500 -0.19736  0.99951  0.00001  0.00500
 0.99959  0.00500 -0.16311  0.99959  0.00001  0.00500
 0.99966  0.00500 -0.13706  0.99966  0.00001  0.00500
 0.99971  0.00500 -0.11679  0.99971  0.00001  0.00500
 0.99975  0.00500 -0.10070  0.99975  0.00001  0.00500
 0.99978  0.00500 -0.08772  0.99978  0.00001  0.00500
 0.99981  0.00500 -0.07710  0.99981  0.00001  0.00500
 0.99983  0.00500 -0.06830  0.99983  0.00001  0.00500
 0.99985  0.00500 -0.06092  0.99985  0.00001  0.00500
 0.99986  0.00500 -0.05468  0.99986  0.00001  0.00500
 0.99988  0.00500 -0.04935  0.99988  0.00001  0.00500
 0.99990  0.00500 -0.04078  0.99990  0.00001  0.00500
 0.99991  0.00500 -0.03427  0.99991  0.00001  0.00500
 0.99993  0.00500 -0.02920  0.99993  0.00001  0.00500
 0.99994  0.00500 -0.02518  0.99994  0.00001  0.00500
 0.99995  0.00500 -0.02193  0.99995  0.00001  0.00500
 0.99995  0.00500 -0.01928  0.99995  0.00001  0.00500
 0.99996  0.00500 -0.01708  0.99996  0.00001  0.00500
 0.99996  0.00500 -0.01523  0.99996  0.00001  0.00500
 0.99997  0.00500 -0.01367  0.99997  0.00001  0.00500
 0.99997  0.00500 -0.01234  0.99997  0.00001  0.00500
 0.99997  0.00500 -0.01119  0.99997  0.00001  0.00500
 0.99997  0.00500 -0.01020  0.99997  0.00001  0.00500
 0.99998  0.00500 -0.00933  0.99998  0.00001  0.00500
 0.99998  0.00500 -0.00857  0.99998  0.00001  0.00500
 0.99998  0.00500 -0.00790  0.99998  0.00001  0.00500
 0.99998  0.00500 -0.00653  0.99998  0.00001  0.00500
 0.99999  0.00500 -0.00548  0.99999  0.00001  0.00500
 0.99999  0.00500 -0.00467  0.99999  0.00001  0.00500
 0.99999  0.00500 -0.00403  0.99999  0.00001  0.00500
 0.99999  0.00500 -0.00351  0.99999  0.00001  0.00500
 0.99999  0.00500 -0.00308  0.99999  0.00001  0.00500
 0.99999  0.00500 -0.00273  0.99999  0.00001  0.00500
 0.99999  0.00500 -0.00244  0.99999  0.00001  0.00500
 0.99999  0.00500 -0.00219  0.99999  0.00001  0.00500
 1.00000  0.00500 -0.00197  1.00000  0.00001  0.00500
 1.00000  0.00500 -0.00163  1.00000  0.00001  0.00500
 1.00000  0.00500 -0.00137  1.00000  0.00001  0.00500
 1.00000  0.00500 -0.00117  1.00000  0.00001  0.00500
 1.00000  0.00500 -0.00101  1.00000  0.00001  0.00500
 1.00000  0.00500 -0.00088  1.00000  0.00001  0.00500
