 0.00000  0.00637 -157.07963  0.00000  0.00004  0.00637
 0.07473  0.00667 -149.18134  0.07473  0.00004  0.00667
 0.14231  0.00693 -141.34617  0.14231  0.00004  0.00693
 0.20346  0.00717 -133.73406  0.20346  0.00004  0.00717
 0.25882  0.00738 -126.43939  0.25882  0.00004  0.00738
 0.30902  0.00757 -119.51329  0.30902  0.00004  0.00757
 0.41542  0.00796 -103.91612  0.41542  0.00004  0.00796
 0.50000  0.00827 -90.68997  0.50000  0.00005  0.00827
 0.56806  0.00851 -79.55323  0.56806  0.00005  0.00851
 0.62349  0.00871 -70.17703  0.62349  0.00005  0.00871
 0.66913  0.00887 -62.25756  0.66913  0.00005  0.00887
 0.70711  0.00900 -55.53604  0.70711  0.00005  0.00900
 0.73901  0.00911 -49.79947  0.73901  0.00005  0.00911
 0.76604  0.00921 -44.87504  0.76604  0.00005  0.00921
 0.78914  0.00929 -40.62329  0.78914  0.00005  0.00929
 0.80902  0.00935 -36.93164  0.80902  0.00005  0.00935
 0.84125  0.00947 -30.88133  0.84125  0.00005  0.00947
 0.86603  0.00955 -26.17994  0.86603  0.00005  0.00955
 0.88546  0.00962 -22.46109  0.88546  0.00005  0.00962
 0.90097  0.00967 -19.47266  0.90097  0.00005  0.00967
 0.91355  0.00971 -17.03734  0.91355  0.00005  0.00971
 0.92388  0.00974 -15.02794  0.92388  0.00005  0.00974
 0.93247  0.00977 -13.35146  0.93247  0.00005  0.00977
 0.93969  0.00980 -11.93876  0.93969  0.00005  0.00980
 0.94582  0.00982 -10.73762  0.94582  0.00005  0.00982
 0.95106  0.00984 -9.70806  0.95106  0.00005  0.00984
 0.95949  0.00986 -8.04626  0.95949  0.00005  0.00986
 0.96593  0.00989 -6.77587  0.96593  0.00005  0.00989
 0.97094  0.00990 -5.78333  0.97094  0.00005  0.00990
 0.97493  0.00992 -4.99336  0.97493  0.00005  0.00992
 0.97815  0.00993 -4.35449  0.97815  0.00005  0.00993
 0.98079  0.00994 -3.83059  0.98079  0.00005  0.00994
 0.98297  0.00994 -3.39568  0.98297  0.00005  0.00994
 0.98481  0.00995 -3.03073  0.98481  0.00005  0.00995
 0.98636  0.00995 -2.72152  0.98636  0.00005  0.00995
 0.98769  0.00996 -2.45727  0.98769  0.00005  0.00996
 0.98883  0.00996 -2.22967  0.98883  0.00005  0.00996
 0.98982  0.00997 -2.03225  0.98982  0.00005  0.00997
 0.99069  0.00997 -1.85991  0.99069  0.00005  0.00997
 0.99144  0.00997 -1.70858  0.99144  0.00005  0.00997
 0.99211  0.00997 -1.57498  0.99211  0.00005  0.00997
 0.99348  0.00998 -1.30223  0.99348  0.00005  0.00998
 0.99452  0.00998 -1.09462  0.99452  0.00005  0.00998
 0.99533  0.00998 -0.93295  0.99533  0.00005  0.00998
 0.99597  0.00999 -0.80460  0.99597  0.00005  0.00999
 0.99649  0.00999 -0.70102  0.99649  0.00005  0.00999
 0.99692  0.00999 -0.61622  0.99692  0.00005  0.00999
 0.99727  0.00999 -0.54592  0.99727  0.00005  0.00999
 0.99756  0.00999 -0.48699  0.99756  0.00005  0.00999
 0.99781  0.00999 -0.43712  0.99781  0.00005  0.00999
 0.99803  0.00999 -0.39452  0.99803  0.00005  0.00999
 0.99837  0.00999 -0.32609  0.99837  0.00005  0.00999
 0.99863  0.01000 -0.27403  0.99863  0.00005  0.01000
 0.99883  0.01000 -0.23351  0.99883  0.00005  0.01000
 0.99899  0.01000 -0.20135  0.99899  0.00005  0.01000
 0.99912  0.01000 -0.17541  0.99912  0.00005  0.01000
 0.99923  0.01000 -0.15417  0.99923  0.00005  0.01000
 0.99932  0.01000 -0.13657  0.99932  0.00005  0.01000
 0.99939  0.01000 -0.12182  0.99939  0.00005  0.01000
 0.99945  0.01000 -0.10934  0.99945  0.00005  0.01000
 0.99951  0.01000 -0.09868  0.99951  0.00005  0.01000
 0.99959  0.01000 -0.08156  0.99959  0.00005  0.01000
 0.99966  0.01000 -0.06853  0.99966  0.00005  0.01000
 0.99971  0.01000 -0.05839  0.99971  0.00005  0.01000
 0.99975  0.01000 -0.05035  0.99975  0.00005  0.01000
 0.99978  0.01000 -0.04386  0.99978  0.00005  0.01000
 0.99981  0.01000 -0.03855  0.99981  0.00005  0.01000
 0.99983  0.01000 -0.03415  0.99983  0.00005  0.01000
 0.99985  0.01000 -0.03046  0.99985  0.00005  0.01000
 0.99986  0.01000 -0.02734  0.99986  0.00005  0.01000
 0.99988  0.01000 -0.02467  0.99988  0.00005  0.01000
 0.99989  0.01000 -0.02238  0.99989  0.00005  0.01000
 0.99990  0.01000 -0.02039  0.99990  0.00005  0.01000
 0.99991  0.01000 -0.01866  0.99991  0.00005  0.01000
 0.99991  0.01000 -0.01713  0.99991  0.00005  0.01000
 0.99992  0.01000 -0.01579  0.99992  0.00005  0.01000
 0.99993  0.01000 -0.01305  0.99993  0.00005  0.01000
 0.99995  0.01000 -0.01097  0.99995  0.00005  0.01000
 0.99995  0.01000 -0.00934  0.99995  0.00005  0.01000
 0.99996  0.01000 -0.00806  0.99996  0.00005  0.01000
 0.99996  0.01000 -0.00702  0.99996  0.00005  0.01000
 0.99997  0.01000 -0.00617  0.99997  0.00005  0.01000
 0.99997  0.01000 -0.00546  0.99997  0.00005  0.01000
 0.99998  0.01000 -0.00487  0.99998  0.00005  0.01000
 0.99998  0.01000 -0.00437  0.99998  0.00005  0.01000
 0.99998  0.01000 -0.00395  0.99998  0.00005  0.01000
 0.99998  0.01000 -0.00326  0.99998  0.00005  0.01000
 0.99999  0.01000 -0.00274  0.99999  0.00005  0.01000
 0.99999  0.01000 -0.00234  0.99999  0.00005  0.01000
 0.99999  0.01000 -0.00201  0.99999  0.00005  0.01000
 0.99999  0.01000 -0.00175  0.99999  0.00005  0.01000
